-8.948441256832573989e-07
9.224262189349245541e-07
-6.532250378729534554e-08
2.129962570277293071e-06
-2.281752914626854346e-07
3.341546440182497918e-06
3.157805846115951502e-06
-7.117434705577682646e-07
2.312140146753047657e-07
-1.990429650979969492e-06
4.297583786576484743e-08
1.705108873991221978e-06
-3.638538306843989576e-07
-7.472300498431021524e-07
9.997470815587098553e-07
1.147846048805250515e-06
1.815359926681852332e-06
2.920388466319433390e-06
1.286710870459047327e-06
1.674476950798466245e-06
1.899078885461490987e-06
2.503255132272756157e-06
2.573456719626549662e-06
3.066131284821033846e-06
1.713662800089958234e-06
-6.302616370654536134e-07
-1.204029358590973633e-06
7.611918264171644761e-07
-2.838304829614744794e-07
8.979197409176974577e-08
1.708639151705751951e-06
2.035494953363734627e-06
1.945649711630178609e-06
3.033410055153523230e-07
2.876516344179836428e-06
3.170133595038506478e-06
1.858908731716302428e-06
3.438767062812007881e-06
3.851736840203046209e-06
1.164975763174952461e-06
3.724774569691130470e-06
1.468065974217994937e-06
2.130991202441914101e-06
2.116051841461558054e-06
6.660393235929771471e-07
3.443215917519999829e-07
1.376560190588210477e-06
2.992381818373168242e-06
3.427238245510712708e-06
2.777978890457026150e-06
2.186365462263183525e-06
3.052315451085755118e-06
3.150409931040435731e-06
5.399841843964461161e-06
3.071933193432938651e-06
5.028201638302753927e-06
2.464017374081681678e-06
2.681070340622158857e-06
2.445642648609541053e-06
2.506088017445831632e-06
3.177415999511532062e-06
2.925298477188652929e-06
1.364162528953119184e-06
3.328755261659735776e-06
2.474972935154460897e-06
2.897225273566987406e-06
3.497342270001853921e-06
3.706930268775928906e-06
4.535495662462249347e-06
6.408568989177271281e-06
4.833153050077909557e-06
5.355354739468530173e-06
4.862477909222466263e-06
5.504942226931243356e-06
3.361729166657957048e-06
4.064672051526285885e-06
5.444811027121792567e-06
4.368943785997038793e-06
3.676422125229312750e-06
5.853014752367986533e-06
4.394903329652750435e-06
5.024909377503609770e-06
4.997338147191878362e-06
5.186487466437366603e-06
6.447907098310489926e-06
5.866251230716394597e-06
7.691323620066132179e-06
6.273755168174628520e-06
4.592675765545088735e-06
5.886096528163707292e-06
4.889195455338397130e-06
5.731143672901858940e-06
4.422401259146864306e-06
3.622764469222021769e-06
5.313800395895052628e-06
1.526728073986610224e-06
3.639710531452258253e-06
6.137183666918284636e-06
5.323413454255263996e-06
5.895926874771303574e-06
6.199185247282212990e-06
8.461226396596135878e-06
8.294755762447970329e-06
8.241280928232839657e-06
6.720184383569935692e-06
6.284300150681271173e-06
5.411889500889172243e-06
5.514445900373021603e-06
6.330835215015309237e-06
4.397518258654054053e-06
5.614296209579339923e-06
5.677779370745638446e-06
3.699671304437431537e-06
6.885039885098001595e-06
5.655262256102977365e-06
7.331777977164022734e-06
5.931847985811904378e-06
8.520587972803139054e-06
7.311454461069218775e-06
9.693144537606267731e-06
9.055331033772061808e-06
6.782716718332096376e-06
8.212201944357275295e-06
7.594030347249231525e-06
5.080108172883808860e-06
5.464395764032272830e-06
6.931027392150053212e-06
5.426315351537495269e-06
6.261223141915077074e-06
7.613314675446584989e-06
