-4.602031409569422748e-08
7.469497693495555155e-06
1.282978625955999189e-06
2.218808744461313410e-06
4.783783209739662435e-06
3.650283096050166163e-07
9.185335622805639090e-06
9.827655693645801686e-06
-2.202148384325123583e-05
5.669320218091620532e-06
-7.889574490236840815e-06
-1.946729994986862178e-05
-1.466897696635770641e-06
4.874731956284209601e-06
9.312834666572528393e-06
3.280354012753562872e-06
3.428345428746983006e-06
-2.468315001868449157e-06
2.091599190421419897e-06
-6.501925177046387458e-06
2.470970236398234406e-06
1.884288160622811785e-05
-1.685354538488246430e-05
-2.100431974328631233e-05
1.305089801128476098e-05
1.489130749880973463e-06
-2.146389716859945826e-06
4.229274036125166636e-06
4.882407776633623296e-06
-2.064743397619499745e-05
2.943906147426612137e-05
1.000264538163011113e-05
1.069290999917911115e-06
2.277412673680212473e-06
1.381286912425613487e-05
9.650004487431719787e-06
5.366157870838369738e-06
-4.527196572185327731e-06
-1.293960555271320553e-05
5.723296130871813797e-06
1.152721616085217709e-06
2.194402701389610234e-06
-4.799917081211110266e-06
-1.220862414541366390e-05
-5.728143424245032469e-06
7.720965058781860906e-06
-1.344443081834796300e-05
7.636345227842567286e-06
-8.463047748118869321e-06
-6.647923021591552657e-07
-1.152566282134470446e-05
-1.338897843597061576e-05
1.222873893644160583e-05
-2.845621139125349060e-06
3.907220433470414093e-07
1.829763940891320164e-06
1.029696895665286493e-06
-8.206365590737378405e-06
6.057901265213758808e-06
8.372722239331528056e-06
-6.520621550553730336e-06
8.684182681841501791e-06
-4.070236276986688663e-06
-2.072622941714739322e-05
3.430383531657286013e-06
-3.173208908135419055e-06
-1.615842806135941916e-06
4.632476594459505759e-06
-2.556876107316283237e-06
4.047504045826509294e-06
1.138473966258434994e-05
1.581953066011025717e-05
1.044535813606858357e-06
-4.468757439084427773e-06
-9.207283547391920933e-06
-8.292115151895579998e-06
-2.576151489154558629e-06
-1.029656768270570645e-05
9.058920772431140788e-06
-1.709756640220625706e-05
-2.346148187925243168e-06
3.692927513948631161e-07
1.149629191414545043e-05
3.554716341936774306e-06
-7.681111417693496627e-06
8.323300151966537243e-06
-5.385497181870744981e-06
-3.171881726844335212e-06
-1.604431026699351155e-07
-2.077320023738182331e-06
-4.734166170626917907e-07
-1.432426582402676870e-05
-2.906111112318499295e-06
-8.884225913927918536e-06
-1.402545788108473782e-05
1.357909357200353426e-07
-1.166130956764449226e-05
-1.528159842948449232e-05
-1.488705769370625258e-05
-3.778039368183251506e-06
6.824314297107777019e-06
-3.658624435012771372e-06
-8.057220455711629434e-08
1.285594717472957684e-05
3.205423344069235017e-06
1.225591963596679834e-05
-1.004104133853584819e-05
1.322706426006066398e-05
-1.644229722758250149e-05
1.207624644492112548e-05
2.425111100079793794e-06
1.546141135214793133e-05
-4.663687379282971667e-07
-9.879123644503503277e-06
6.958882737203161636e-06
3.401318824658442374e-06
7.575445089538972896e-06
7.103093941940944081e-06
9.153292677851632023e-06
1.821627556265803666e-06
1.190196468684891394e-05
-5.078920012017978219e-06
1.622121241270750241e-05
2.146911957298759663e-05
7.374849549213115347e-06
1.195757373762653968e-05
1.469607821416185503e-05
-3.057041007226582064e-06
-5.002709344706183641e-06
2.047002399698479768e-05
