2.156244423211697774e-05
4.464485733210347089e-06
5.653133927152614060e-05
3.050344749476682375e-05
1.019989179873154472e-05
-6.020360078695472723e-06
-4.639068311733961279e-05
-2.955964672987052315e-05
-6.726039392160412178e-06
1.465983569581884900e-05
5.011358873881305797e-06
-2.262906987118191597e-06
4.949208327707342191e-05
-3.007730160196574312e-05
-5.582738122758351755e-05
-1.068045557470981578e-05
-6.515637581220365557e-06
4.603619142273909407e-05
5.807134626638374393e-05
1.355763363469488830e-05
2.331607417432806853e-05
-1.583080589821165841e-05
-1.848520503463217955e-05
7.479248898444925688e-06
-6.516134327002519279e-05
3.643950308260643134e-05
3.469747083887163134e-05
1.940688229633454731e-05
1.671657654106942334e-05
2.744398034571061100e-05
-4.854363895974786328e-05
-2.701929876925090969e-05
4.368803626299723266e-06
6.654000262471075306e-06
-2.383278214078472004e-05
4.102532616287455546e-05
2.087616435122050733e-05
-2.506936051728105388e-05
-2.774895026894091406e-06
-8.470512375242754540e-05
-8.406779925925321625e-05
2.736327623596606956e-05
1.354968126338539274e-05
4.282604347898276995e-05
2.609563009311480968e-05
-3.912022017419814640e-05
-3.999578424632858930e-05
-6.002321453624202705e-05
-1.065906959682335623e-05
3.823903388659535704e-05
2.487516954962525669e-05
4.030166174104786236e-05
5.937662221133107828e-06
-2.487405387713541503e-05
-2.949152388111672300e-05
-3.104645377428353687e-05
-4.433077435781714374e-05
-2.384130351529985904e-05
3.024369018959673354e-05
3.040167463327730124e-05
1.704511098898295137e-05
1.938122788357318007e-05
-5.823930426504742158e-06
-8.113940157591903977e-05
-2.229506264757782547e-05
2.158911324857833746e-05
3.114542532441807424e-05
3.853552261220620598e-05
2.065366935020071390e-05
-4.230187134308200438e-07
-3.593040171609978705e-05
-4.109668733192611682e-06
-4.172382060732125769e-05
1.284221337104746938e-05
1.787679153610436747e-05
4.454489157866803702e-05
6.649454470343047667e-05
2.313692629541560489e-08
-3.005948380788242300e-05
2.843613979899903057e-05
-1.979991195304477543e-05
2.952908522430431319e-05
4.944903201389480089e-06
1.375765300216106585e-05
4.333557008119478621e-05
3.207502332505124821e-05
1.925807734164670899e-05
-3.509933062720004693e-05
-1.065251414926116275e-05
1.222098151567354825e-05
2.635754792380133038e-05
3.974970799753318779e-05
1.097679402558437937e-05
2.679016057579056506e-05
-4.226577578032052668e-06
-4.948428671156120638e-05
-2.117525786170288305e-05
-5.781157728169173434e-05
-5.625819450498391252e-06
1.174312900172212853e-05
3.565736568146422284e-05
5.263668864236873763e-05
-2.785530552189024767e-05
-5.830110985716857179e-05
-1.598612764673184054e-05
-3.739112636488655349e-05
1.582372211601754288e-05
1.315904191372594919e-05
2.047796406885089453e-05
4.782568930446528318e-05
3.067765624694041335e-05
4.305337933883269391e-07
1.268742941227327255e-05
-5.754618642254401517e-05
1.417712996084833697e-05
1.565932882534429687e-05
4.876968842748372740e-05
4.560416078237896655e-05
4.899313751115770190e-06
7.133568149680291290e-07
-2.481035728975067029e-05
-2.375944990446069918e-05
-3.728837514318626299e-05
6.474834068043624477e-06
1.952233218049508282e-05
3.895448162060694838e-05
-1.231638957556125877e-05
-9.360886110665957881e-06
-2.244928435617197897e-05
-4.161449227058059319e-05
