-1.140503438635203698e-07
1.346728254226242880e-06
8.333903599316684847e-07
-2.565019022271856364e-07
-3.754959447644910671e-07
9.900080901436048696e-07
9.903239732519367176e-07
4.344221950948598185e-07
-1.327677459499442901e-07
7.515408772911751691e-07
1.885470118709419329e-06
1.781858647613312269e-06
3.222342123978017976e-08
1.919901356822289290e-06
2.328958860086228283e-06
1.641558420510953808e-06
8.684123148110459138e-07
6.931738822607337935e-07
2.489809608705771555e-06
2.667164903295370460e-06
2.369057206944112123e-06
1.569674093747559645e-06
2.343234439130997412e-06
3.303433213239358054e-06
2.592741069249521058e-06
1.847459641884756746e-06
2.612283315074768972e-06
3.814485395139002478e-06
3.624945046865560463e-06
3.156723873581482910e-06
2.513715134792597332e-06
1.894034606916342854e-06
3.690675257101125581e-06
4.242549616089429764e-06
3.521409999430323893e-06
2.621300186289322142e-06
4.819305656309148330e-06
5.486005641674723680e-06
3.417164742499020439e-06
2.836107458692339313e-06
4.382988588368875974e-06
4.218187274510768397e-06
4.234532633821599059e-06
2.925503982524155876e-06
3.279787952727928519e-06
4.341587627265212133e-06
4.745115989173252944e-06
4.027455089910624806e-06
3.947310611138654152e-06
5.040287338116820524e-06
5.366427814079150441e-06
5.695309102756212070e-06
2.699059439961547202e-06
4.750811429257294051e-06
5.106128679122335773e-06
6.846796519204751585e-06
4.783695422300419032e-06
3.899966102160721110e-06
5.323851660616341357e-06
5.295567300901377023e-06
5.576502593876403261e-06
3.828855755884857629e-06
3.972667889803546252e-06
5.672418366525298516e-06
6.099553964576351169e-06
4.384066095766062127e-06
3.683573528498812497e-06
6.110012074640944236e-06
6.355893090993612553e-06
5.048341392742199730e-06
3.081420051147852400e-06
4.787991085491187947e-06
5.531291424576312857e-06
5.344799885952028143e-06
4.870656545826838021e-06
4.901645272680148514e-06
4.994304197580299372e-06
6.460062904887879732e-06
3.562563580980775230e-06
3.494368754649116819e-06
5.008890763852184677e-06
6.695247944950077187e-06
5.703967475098386061e-06
3.452004536171697480e-06
4.518669956400562200e-06
4.793095566351834737e-06
4.191018673709586242e-06
4.201811785754419238e-06
2.702630429319047158e-06
4.732585674574687852e-06
3.839453079792057106e-06
4.540150756117051321e-06
3.103664825205296453e-06
3.544302494016271544e-06
5.257283994799473536e-06
5.211832073446566357e-06
3.732457625148842078e-06
2.868228478817155647e-06
4.007539460460832250e-06
5.170210688643920250e-06
4.292934735688334884e-06
2.262013593444490890e-06
2.522384377842476500e-06
3.794151154096000254e-06
3.510347425452623133e-06
1.585784145559438690e-06
2.598929407683840045e-06
3.929435332367331793e-06
4.459042658210809928e-06
3.198374335640103560e-06
2.157894700310393911e-06
3.240519853647275108e-06
2.726005774364096066e-06
3.513275588706573981e-06
1.092692757501271366e-06
1.374325858530747147e-06
1.280244346108350096e-06
3.386332760583550136e-06
2.272027487989833265e-06
1.403717069057389216e-06
1.344969793305630500e-06
2.262112087079277438e-06
1.978167365873417661e-06
1.244094822092740301e-06
6.876194550785624588e-07
2.572589406244072172e-06
1.753717591015974200e-06
4.868268728893306041e-07
-9.055363385735616352e-07
1.005166343621586356e-06
