0
0.0235294
0.0181818
0.0153846
0.0116279
0.00959233
0.00798403
0.00701754
0.00788644
0.00701262
0.00749064
0.00833333
0.00790068
0.00853789
0.00923077
0.00986193
0.00949668
0.00903342
0.0086881
0.00996678
0.0103834
0.0100309
0.00972326
0.0100792
0.00969529
0.00942761
0.00907323
0.00942211
0.00975015
0.00947306
0.00977011
0.010118
0.00988468
0.0101659
0.0110178
0.0112474
0.011011
0.0112856
0.0110312
0.0113314
0.0115687
0.0126013
0.0123566
0.012565
0.0123509
0.0120985
0.0118658
0.0116232
0.0114173
0.011236
0.0110308
0.0108411
0.0110011
0.0108108
0.0106007
0.0104457
0.0103235
0.0101868
0.0100134
0.010184
0.0100356
0.00988205
0.00973312
0.00991019
0.00975907
0.00963275
0.00948992
0.00932401
0.00921925
0.00910902
0.00899888
0.00919989
0.00904357
0.00919913
0.00933831
0.00921053
0.00913361
0.0092688
0.00965693
0.00976709
0.00992556
0.0100762
0.00995871
0.00986051
0.0097619
0.00966525
0.00955711
0.00944265
0.00957811
0.00946799
0.00959393
0.00970232
0.0100524
0.0099524
0.00985011
0.00977683
0.00967403
0.00960735
0.00952973
0.00947672
0.00939734
0.00932874
0.00923695
0.00954654
0.00945068
0.00935855
0.00926999
0.00918485
0.0091047
0.00902935
0.00893688
0.00887902
0.00896615
0.00888164
0.00916113
0.00909902
0.00904095
0.00915654
0.00907821
0.00934579
0.00944206
0.00935692
0.00928113
0.00938023
0.00930078
0.00921659
0.0091653
0.0094217
0.0095192
0.00960769
0.00952079
0.00945329
0.00938086
0.00932111
0.00926069
0.00918977
0.00927898
0.00921311
0.00930372
0.00924407
0.00916482
0.00911363
0.00906168
0.00913573
0.00907781
0.00916118
0.00911681
0.00905618
0.00900394
0.00894729
0.00901651
0.00896057
0.00891755
0.00898448
0.00891651
0.00886739
0.00881057
0.00876494
0.00899114
0.00894972
0.00890052
0.00911102
0.00904276
0.00898819
0.00895141
0.00903423
0.0091001
0.00905091
0.00898652
0.00894188
0.00889988
0.00884847
0.00878799
0.00887322
0.00895992
0.00890279
0.0088485
0.0088001
0.00887259
0.00882976
0.00912601
0.00908138
0.0093913
0.00934795
0.0092826
0.00934579
0.00939871
0.00935844
0.00930702
0.00936455
0.00931987
0.00949542
0.00944432
0.00951236
0.00955898
0.00963829
0.00959362
0.00955038
0.00950347
0.00946809
0.00942497
0.00947269
0.0095278
0.00957834
0.00953763
0.00949628
0.00945821
0.00951699
0.00947722
0.00953927
0.00949687
0.00945484
0.00950665
0.00946121
0.0095106
0.00947213
0.00952568
0.00948377
0.00952937
0.00948877
0.00945855
0.00941855
0.00957671
0.00963281
0.00959438
0.00965543
0.00961176
0.00966138
0.00961359
0.00958229
0.00955119
0.0096003
0.0095597
0.00951249
0.00946057
0.00950742
0.00955558
0.00952381
0.00947867
0.00944237
0.009398
0.00937307
0.00942897
0.00938844
0.00943231
0.00948073
0.00944132
0.00939493
0.00944611
0.00949692
0.00945888
0.00942035
0.00938769
0.00935209
0.00932225
0.00929104
0.00925308
0.00922003
0.00918494
0.00915464
0.00910582
0.00915781
0.00912572
0.0091639
0.00912394
0.0090953
0.00906684
0.00903494
0.0090004
0.00905409
0.00902398
0.00907513
0.00904017
0.00900901
0.00897876
0.00902373
0.00899434
0.00903684
0.00915878
0.00912577
0.00917081
0.00936216
0.00939964
0.00936344
0.00933243
0.00929744
0.00925995
0.00930821
0.00927437
0.00924625
0.00921625
0.0091878
0.00922604
0.00927278
0.00924914
0.0092868
0.0093235
0.009436
0.00940484
0.00937254
0.00934579
0.009383
0.00941793
0.0094586
0.00943396
0.00939955
0.00937784
0.00935101
0.00939065
0.00942677
0.00946656
0.00943981
0.00941451
0.00945659
0.00956742
0.00954198
0.00957946
0.00954702
0.00951353
0.0094809
0.0094523
0.00942576
0.00939937
0.00936566
0.00933713
0.00931
0.00927937
0.00925318
0.00922775
0.00920185
0.00917192
0.00920942
0.00924848
0.00921808
0.00919555
0.00923432
0.00920716
0.00918543
0.00916031
0.00919759
0.00917315
0.00921194
0.00924703
0.00928424
0.00926158
0.00923326
0.00920684
0.00917773
0.00914653
0.00911611
0.00914223
0.00911873
0.00909313
0.00906602
0.00910305
0.00908375
0.00917376
0.00915001
0.00912474
0.0091018
0.0090833
0.00906705
0.00904277
0.0090812
0.00905969
0.00903561
0.00906843
0.0090434
0.00902115
0.00900111
0.00903579
0.00901372
0.00898447
0.00907567
0.00905056
0.00914476
0.00912168
0.00909975
0.00912773
0.0091597
0.0091332
0.009112
0.00908886
0.00907144
0.00905257
0.00908887
0.00906446
0.00910716
0.00907977
0.00910706
0.00913925
0.0091135
0.00909041
0.00906693
0.00904357
0.00902428
0.00900508
0.00898155
0.00895377
0.00898512
0.00896086
0.00899591
0.0089756
0.0090602
0.00904033
0.0090778
0.00905942
0.00909478
0.00907354
0.00905385
0.0090328
0.00900948
0.00898676
0.00897026
0.00895194
0.00893137
0.00896394
0.00909894
0.00907959
0.00906313
0.00919802
0.0091762
0.00920971
0.00923835
0.00921801
0.00924224
0.00921823
0.00919622
0.00922547
0.00920401
0.00918496
0.00916784
0.00914435
0.00912235
0.00910091
0.00913219
0.00911037
0.00908865
0.00906838
0.00904552
0.00902857
0.00900635
0.00899042
0.00902049
0.00899668
0.00897955
0.00900506
0.00898975
0.00902299
0.00899942
0.00898464
0.00901509
0.0089986
0.00902674
0.00900858
0.00899005
0.00906965
0.00905409
0.00908183
0.0090633
0.00904399
0.00902689
0.00905831
0.0090404
0.00906444
0.00904278
0.00907008
0.0090502
0.00902829
0.00905419
0.00912713
0.00915607
0.00918744
0.00921871
0.00919879
0.00922611
0.00930126
0.00928042
0.00935432
0.00937898
0.00936491
0.00934664
0.00937585
0.00935509
0.009342
0.00932558
0.00935294
0.00933573
0.00931566
0.00929484
0.00927371
0.00925473
0.00932546
0.0093081
0.00933587
0.00931691
0.0093388
0.00932483
0.00935072
0.00933187
0.00931433
0.00933927
0.00931569
0.00930152
0.00928416
0.00930897
0.00929207
0.00927444
0.00925727
0.00924294
0.00922114
0.00920377
0.00918607
0.00917509
0.00915985
0.00918641
0.00921287
0.00919414
0.00917664
0.00916076
0.00914647
0.00912532
0.00910999
0.00909434
0.00907912
0.00910496
0.00908939
0.00907728
0.00910262
0.00916518
0.00914773
0.0091728
0.00919891
0.00922114
0.00920485
0.00922547
0.00920735
0.00923089
0.00920945
0.00919484
0.00925813
0.00924087
0.00922181
0.0092873
0.00930851
0.00933001
0.00935555
0.0093428
0.00932261
0.00930586
0.00940501
0.00938743
0.00944632
0.00942873
0.00941307
0.00939338
0.00937598
0.0093965
0.00938101
0.00936594
0.00935384
0.00937097
0.00935454
0.00933779
0.00931966
0.00933964
0.0093993
0.00942194
0.00944269
0.0095414
0.00952857
0.00951249
0.00953658
0.00951944
0.0095398
0.00952599
0.00951439
0.0095343
0.00952056
0.00954184
0.00956088
0.00954753
0.0095701
0.00956181
0.00954923
0.00956956
0.00955307
0.00957331
0.00955723
0.00958133
0.00956706
0.00954893
0.00953123
0.0095157
0.00953543
0.0095203
0.00953959
0.00952031
0.00950528
0.00951928
0.00954226
0.00952903
0.00951236
0.00949643
0.00948091
0.00950308
0.00948897
0.00947387
0.00945814
0.00948192
0.00946486
0.00945431
0.00951219
0.0094931
0.00955175
0.00953571
0.00951973
0.00954382
0.00952889
0.00951603
0.00949917
0.00948337
0.0094693
0.00945193
0.00947283
0.009494
0.00947734
0.00949744
0.0094878
0.0095075
0.00949555
0.00951452
0.00949763
0.0094874
0.00947127
0.00948524
0.0095034
0.00958918
0.00957696
0.00959818
0.0095817
0.00956626
0.0095512
0.00957101
0.00958783
0.00960523
0.00959151
0.00957555
0.00955965
0.00954702
0.00957116
0.00955855
0.00954211
0.00953119
0.009552
0.00953628
0.0095503
0.00953847
0.0095254
0.00954383
0.00956603
0.00954948
0.0095352
0.00955763
0.00954148
0.00955941
0.00954047
0.00952664
0.00951315
0.00949752
0.00948069
0.00946548
0.00944815
0.00943273
0.00941859
0.0094355
0.00945542
0.00947467
0.00945994
0.0094727
0.00946107
0.00944826
0.00943487
0.00942274
0.00941003
0.00939916
0.00938591
0.0093727
0.00935953
0.00934371
0.00936186
0.00934996
0.00940041
0.00941482
0.00943277
0.00942024
0.00940746
0.00942474
0.00941199
0.00943189
0.00941856
0.00943544
0.00942185
0.00940449
0.00939275
0.00937665
0.00939405
0.00937859
0.00939273
0.00937732
0.00936457
0.00935445
0.00937057
0.00935644
0.00934407
0.00932973
0.00931915
0.00930603
0.0092901
0.00927819
0.00929481
0.00928293
0.00927108
0.00928821
0.00927723
0.00926683
0.00928699
0.00930514
0.00929138
0.00931059
0.00930191
0.00928653
0.00927037
0.00928672
0.00927006
0.00934356
0.00939121
0.00943733
0.00942387
0.00944265
0.00945746
0.00947278
0.00949058
0.00950666
0.00949292
0.00950923
0.00949693
0.00948521
0.00947047
0.00945633
0.00947479
0.00946289
0.00944827
0.00943671
0.00945482
0.00947261
0.00951883
0.00950697
0.00949074
0.00947785
0.00949687
0.00948373
0.00946981
0.00948985
0.00950549
0.00949594
0.00953936
0.00955596
0.00959918
0.00961429
0.0096321
0.00962086
0.00960746
0.00964895
0.00966279
0.00967687
0.00969009
0.009706
0.0096926
0.00967842
0.00966781
0.00968204
0.00969921
0.00974353
0.00975678
0.00974561
0.00973419
0.00975039
0.00976682
0.00978294
0.00977262
0.009783
0.00976757
0.00975677
0.00974546
0.00973471
0.00975099
0.00976804
0.00975409
0.00974177
0.00972949
0.00971538
0.0097305
0.00972014
0.00973389
0.00972143
0.00971191
0.00969977
0.00971532
0.00973375
0.00974764
0.00973763
0.00972552
0.00971398
0.00972915
0.00974428
0.00973197
0.00974732
0.00976185
0.00975139
0.00973939
0.00973054
0.00971937
0.00970874
0.00969917
0.00971416
0.009701
0.0096925
0.00970951
0.00969896
0.00968972
0.00967563
0.00966158
0.00972691
0.00971666
0.00970618
0.0096942
0.00968199
0.00967032
0.00965893
0.00964706
0.00963623
0.00962542
0.00961463
0.00960262
0.00959239
0.00957994
0.00957
0.0095581
0.00954672
0.00956023
0.00954617
0.00955939
0.00954906
0.00956569
0.00955365
0.00956876
0.00955822
0.00954721
0.00955862
0.00955251
0.00956584
0.00955609
0.00954417
0.00953252
0.00952236
0.00951125
0.00950016
0.00949079
0.00947855
0.00946659
0.00948202
0.00947032
0.0094615
0.00945151
0.00944012
0.00943112
0.00941884
0.00943373
0.00942123
0.00940783
0.0094208
0.00940837
0.0094227
0.00941054
0.0094239
0.00941433
0.00942789
0.00941927
0.00945819
0.00944932
0.00946769
0.00945673
0.00944557
0.00943257
0.00947007
0.00945986
0.00945059
0.00946581
0.00945586
0.00944663
0.00943718
0.00942454
0.00943786
0.00942823
0.0094177
0.00940789
0.00940036
0.00938763
0.00937787
0.0093661
0.00935503
0.00934399
0.00933253
0.00932334
0.00935948
0.00934826
0.00933573
0.00932836
0.00931833
0.00935382
0.00939057
0.00940252
0.00939313
0.00940685
0.00939569
0.00938656
0.00937655
0.00936901
0.00935883
0.00937404
0.00936497
0.00935637
0.00934491
0.00935942
0.00934953
0.00933834
0.00932761
0.0093215
0.00933355
0.00932395
0.00931264
0.00929918
0.00931185
0.00930038
0.00929001
0.0092801
0.00927235
0.00926205
0.00927361
0.00926482
0.00925413
0.0092424
0.0092341
0.00924584
0.00925862
0.00927137
0.00932866
0.00931883
0.0093086
0.0093223
0.00931486
0.0093019
0.00931323
0.00932518
0.00931564
0.00930486
0.00929684
0.00931149
0.00930075
0.00931431
0.00930506
0.00929372
0.00928534
0.00927677
0.00926738
0.00925593
0.00926778
0.00925822
0.00924579
0.00923586
0.00922658
0.00921464
0.00920437
0.00919228
0.0091841
0.00917472
0.00916515
0.0091558
0.00914648
0.00915929
0.00917188
0.00918201
0.0091733
0.0091632
0.00917714
0.00916584
0.00915538
0.00914494
0.00913352
0.00916809
