0
0.00526316
0.00265957
0.00190476
0.0028777
0.00234467
0.0020202
0.00262009
0.00306513
0.00474898
0.00549786
0.00577367
0.00547945
0.0052356
0.0055
0.00573066
0.00590372
0.00562041
0.00544161
0.00603622
0.00578704
0.00597238
0.00576577
0.00557297
0.00538177
0.00556101
0.00537295
0.00552995
0.00538439
0.00552326
0.00539619
0.00523416
0.00510067
0.00525624
0.00511509
0.00499875
0.00539348
0.00525561
0.0051474
0.00503317
0.00517435
0.0050739
0.00518359
0.00507292
0.00496792
0.00488003
0.00497117
0.0048714
0.00478103
0.0046966
0.00461681
0.00453227
0.00445553
0.0043929
0.00432676
0.00443535
0.00486496
0.00479339
0.0050538
0.00514056
0.00506249
0.00499298
0.00491778
0.00484481
0.00477469
0.00470519
0.00464037
0.00456491
0.00450514
0.00445124
0.00453546
0.00460954
0.00469295
0.00463515
0.00457158
0.00464217
0.00470618
0.00466347
0.00461059
0.00468326
0.00463019
0.0045728
0.00452381
0.00447902
0.00454281
0.00449412
0.00444596
0.00450349
0.00445682
0.00463781
0.00470151
0.00465368
0.00472204
0.00467339
0.00462622
0.00479666
0.00474814
0.00480474
0.00476335
0.00482218
0.00486836
0.00501376
0.00496689
0.00511682
0.0050708
0.00502513
0.00498542
0.00503919
0.00500046
0.00495822
0.00509554
0.00505506
0.00501119
0.00497645
0.00494001
0.0049011
0.00486238
0.00482467
0.00478878
0.0047518
0.00471817
0.00468227
0.00464499
0.00460488
0.00457255
0.0046225
0.00458937
0.00455708
0.00453064
0.00449598
0.00446568
0.00443649
0.00447911
0.00445127
0.00442073
0.00438995
0.00436189
0.00432933
0.00429821
0.00433983
0.00431318
0.00427815
0.0042498
0.00422394
0.00426925
0.00431614
0.00442478
0.00439361
0.0043656
0.00433705
0.00437786
0.00441456
0.00438745
0.00436037
0.00433767
0.0043112
0.00441574
0.00439229
0.0043634
0.00439959
0.00437243
0.00434755
0.00444868
0.00448827
0.00446709
0.00450056
0.00454008
0.00451314
0.00448982
0.00446674
0.00456121
0.00453501
0.00451318
0.00448887
0.00452596
0.00449678
0.00453154
0.00462205
0.00465522
0.00469076
0.00466617
0.00464104
0.00461986
0.00459731
0.00457705
0.00455389
0.0045869
0.0045624
0.00459732
0.00468423
0.00465932
0.00463721
0.00466909
0.00464689
0.00462589
0.00460287
0.0045791
0.00461025
0.00464404
0.00472813
0.00470441
0.00468433
0.00466611
0.00464444
0.0046244
0.00470444
0.00468479
0.00466153
0.00464482
0.00462358
0.00460276
0.00463124
0.00465969
0.00468627
0.00466258
0.00464026
0.00462242
0.00469938
0.00468079
0.00465652
0.00468339
0.00471294
0.0046915
0.00471542
0.00469682
0.00467902
0.00470906
0.00473802
0.0047196
0.00469743
0.00468083
0.00466392
0.00464396
0.00462942
0.00465642
0.00463839
0.00461842
0.00460191
0.00458491
0.00456925
0.00459445
0.00466241
0.00464484
0.00462801
0.00460829
0.00458894
0.0045733
0.00455366
0.00453748
0.0045629
0.00458755
0.00457336
0.00455581
0.00453572
0.00460232
0.00462712
0.00460791
0.00462848
0.00461247
0.00463666
0.00462149
0.0046051
0.00458883
0.00457101
0.00455737
0.00458089
0.00456383
0.00454636
0.00452794
0.00454995
0.0045754
0.00455706
0.00457872
0.004563
0.00454334
0.00452699
0.00451128
0.00453358
0.0045926
0.0046155
0.00463843
0.00462139
0.00460534
0.00458871
0.00457237
0.00463222
0.00461687
0.0046377
0.00461954
0.00460388
0.00459002
0.00457423
0.00455822
0.00454034
0.00452603
0.00457971
0.00456588
0.00455197
0.00453685
0.00455694
0.00454239
0.00452537
0.00451213
0.00449738
0.00448164
0.00446413
0.00445032
0.0044369
0.00442142
0.00444215
0.00442934
0.00441645
0.00440303
0.00442327
0.00440768
0.00442807
0.004413
0.00439833
0.00442063
0.00440882
0.00439487
0.0043816
0.00437072
0.00435888
0.00434425
0.00436466
0.00438582
0.0043738
0.00442507
0.00441229
0.00443036
0.00445075
0.00443816
0.00442563
0.0044443
0.00443183
0.00441985
0.0044367
0.00442324
0.00441084
0.00439685
0.00438116
0.00439951
0.00438883
0.00440939
0.00442601
0.00444266
0.00443091
0.00441799
0.00440434
0.00439212
0.00437996
0.0043974
0.00438331
0.00437221
0.00435854
0.00434704
0.00439633
0.00441304
0.00440188
0.00441979
0.00440868
0.00439632
0.00438609
0.00440218
0.00441869
0.00440837
0.00442439
0.00444367
0.00443427
0.00442414
0.00444073
0.00448637
0.00453281
0.00457915
0.00456647
0.00455581
0.00460083
0.00459054
0.00457705
0.00456595
0.00461011
0.00462561
0.00461564
0.0046596
0.00464663
0.00466304
0.00465103
0.00464037
0.00465783
0.00464681
0.00463725
0.00462621
0.00461484
0.00460516
0.00459314
0.00460854
0.00459671
0.00458641
0.00457641
0.00459159
0.00458003
0.00456926
0.00455806
0.00457386
0.00458996
0.00460671
0.00459588
0.00458257
0.00457101
0.00456011
0.00454926
0.00453775
0.00452583
0.00451444
0.00450415
0.00449485
0.00448581
0.00447358
0.00446222
0.00445161
0.00449197
0.00448077
0.00447052
0.00446112
0.00447603
0.0044662
0.0044816
0.00447394
0.00448723
0.00450225
0.0044918
0.00448073
0.00449366
0.0044843
0.00450049
0.00451462
0.00450628
0.00449609
0.00450936
0.00449988
0.00448978
0.00447972
0.00449575
0.00448604
0.00447433
0.00446461
0.00445547
0.00449476
0.00450926
0.00452261
0.00451343
0.00450354
0.00449476
0.00450739
0.00449672
0.00448769
0.00450079
0.00453659
0.00452521
0.00454014
0.00453176
0.00452214
0.00451289
0.00450315
0.00449449
0.00450846
0.00449765
0.00448885
0.00447895
0.00446889
0.00445928
0.0044488
0.00443807
0.0044282
0.00441556
0.00440738
0.00439912
0.00438982
0.00438291
0.00437396
0.00438724
0.00437735
0.00436915
0.00436098
0.00435227
0.00434224
0.00435542
0.00434744
0.00438229
0.00437391
0.00436528
0.00435668
0.0043484
0.00436148
0.00437442
0.00438816
0.00437912
0.0043704
0.00436323
0.00435401
0.00434483
0.00433663
0.00432947
0.00432039
0.00433381
0.00432568
0.00431639
0.00430669
0.00429994
0.00429239
0.00428388
0.00429555
0.00428734
0.00428032
0.00427243
0.00426341
0.00425665
0.00426941
0.00426284
0.00427563
0.00426722
0.00425778
0.00427095
0.00428221
0.00429529
0.00428516
0.00429843
0.00428974
0.00428257
0.0042949
0.00428775
0.00428148
0.00427299
0.00428491
0.00427807
0.00427058
0.00426293
0.00425447
0.00428746
0.00428009
0.00427265
0.00426405
0.00425727
0.00425
0.00426181
0.00425271
0.00424482
0.00423729
0.00424963
0.0042422
0.00423513
0.00422725
0.00423894
0.0042315
0.00426319
0.00425515
0.00424789
0.00424041
0.00423221
0.00422364
0.00421722
0.00420927
0.00422111
0.00423266
0.00424507
0.00423785
0.0042297
0.00422334
0.00423487
0.00424636
0.00424002
0.0042525
0.00424592
0.00423777
0.0042302
0.0042423
0.00425341
0.00426503
0.00429417
0.00428689
0.00427955
0.0042716
0.00426487
0.0042758
0.00426892
0.00426184
0.00427327
0.00426737
0.00426009
0.00425321
0.00424597
0.00423953
0.0042512
0.00428121
0.00427343
0.00428561
0.00428009
0.00427227
0.00426601
0.00425939
0.00425287
0.00424606
0.00423942
0.00423227
0.00422477
0.0042185
0.0042478
0.00424084
0.00423382
0.00422675
0.00421993
0.00421388
0.00422448
0.00423647
0.00423034
0.00422297
0.00425098
0.0042439
0.00425316
0.00424506
0.00425554
0.00424954
0.00424399
0.00423729
0.00426683
0.00425952
0.00425267
0.00427948
0.00429
0.00428358
0.00429428
0.00428809
0.00429905
0.00429375
0.00428862
0.00428284
0.00427613
0.0042682
0.00426153
0.00427082
0.00426309
0.0042564
0.00424936
0.00424228
0.00423515
0.00422911
0.00422146
0.00421588
0.00420968
0.0042192
0.00421273
0.00420622
0.0042007
0.00419346
0.00418687
0.00418023
0.00417492
0.00416873
0.00416166
0.00415565
0.00415053
0.00414448
0.00415318
0.00416429
0.00415763
0.00415249
0.0041624
0.00415625
0.00416592
0.00417631
0.00416997
0.00416411
0.00417325
0.00416727
0.00416064
0.00415377
0.00414745
0.00414135
0.00413612
0.00412979
0.00413986
0.00414878
0.00414233
0.00413649
0.00414701
0.00414138
0.00415101
0.00419281
0.00418621
0.00418193
0.00417582
0.00418515
0.00421023
0.00420339
0.00419821
0.00419336
0.00420351
0.00419724
0.00419085
0.00419947
0.00419342
0.00418779
0.00421257
0.0042068
0.00420168
0.00422628
0.00422012
0.00424567
0.00425571
0.00426495
0.00428962
0.00428439
0.00427871
0.00428806
0.00428187
0.00427532
0.0042845
0.00429366
0.00428835
0.00428298
0.00427653
0.00428604
0.00428037
0.00427491
0.00427024
0.00426423
0.00425799
0.00425094
0.00424442
0.00423842
0.0042624
0.00425614
0.00426389
0.00425809
0.00425274
0.00426166
0.00425601
0.00428073
0.00427489
0.00429858
0.00429191
0.00428676
0.00429649
0.004305
0.00429879
0.00429341
0.00428823
0.00429621
0.00430497
0.00429911
0.00430785
0.00431763
0.00431196
0.00430712
0.00430135
0.00429536
0.00430459
0.0042996
0.00429393
0.00428859
0.00428327
0.00427728
0.00428628
0.0042941
0.00428813
0.00428162
0.00427605
0.00428505
0.00427821
0.00428628
0.00428097
0.00428967
0.0043121
0.00430641
0.00430201
0.00429641
0.00429065
0.00429885
0.00432092
0.00431539
0.00430975
0.00430364
0.00429875
0.00429405
0.00428852
0.00428372
0.00429226
0.00430072
0.00432287
0.0043174
0.00431283
0.00432022
0.00431501
0.00432255
0.00431712
0.00431199
0.004347
0.00434279
0.00435126
0.00435934
0.0043536
0.00437462
0.0043687
0.00436404
0.00437194
0.00436728
0.00436211
0.00437016
0.00436453
0.00437285
0.00436693
0.00436126
0.00435514
0.00436303
0.00437094
0.00436577
0.00436014
0.00435458
0.0043495
0.00434483
0.00433908
0.0043341
0.00432849
0.0043221
0.00432997
0.00432491
0.0043194
0.0043156
0.00431102
0.00430572
0.0043006
0.00429566
0.0042905
0.00429861
0.00429374
0.00428867
0.00429708
0.00429112
0.00431247
0.00430689
0.00430105
0.004296
0.00429085
0.00428494
0.00428026
0.00427581
0.00427104
0.00426633
0.00426153
0.00426946
0.00426352
0.00425765
0.00425261
0.00424774
0.00424283
0.0042389
0.00424642
0.00424045
0.00423622
0.00423124
0.0042398
0.00424781
0.0042558
0.00425114
0.00424596
0.00424021
0.00423511
0.00424291
0.00426335
0.00425856
0.00425389
0.00424943
0.00424436
0.00425188
0.00425949
0.00427992
0.00427483
0.00428276
0.00427763
0.00428533
0.00428094
0.00428857
0.00429607
0.00429058
0.00429812
0.00429353
0.00431293
0.00431958
0.00431408
0.00430982
0.00434173
0.00433649
0.0043437
0.00433863
0.00433379
0.0043289
0.00432439
0.00431994
0.00432733
0.00433491
0.00434221
0.00433677
0.00433296
0.00432854
0.00432412
0.00433129
0.00432646
0.00432144
0.00434138
0.00433692
0.00433236
0.00432802
0.00432241
0.00431783
0.00431347
0.00430886
0.00430457
0.00430013
0.00430754
0.00431468
0.00430968
0.004317
0.00431268
0.00430816
0.004303
0.00429784
0.00429416
0.00429039
0.00429763
0.00429305
0.00430057
0.0042961
0.0042914
0.00428735
0.00428271
0.00427758
0.00427306
0.0042683
0.0042635
0.00425886
0.00427716
0.00427262
0.00426764
0.00426361
0.00425978
0.00425517
0.00426231
0.00425766
0.00425308
0.00426068
0.00426803
0.00426349
0.00427028
0.00426561
0.00427287
0.00428012
0.00428628
0.0042935
0.00428907
0.0042953
0.00429078
0.00428612
0.00428176
0.00427731
0.00428435
0.00428005
0.004276
0.00427168
0.00427898
0.00427427
0.00426939
0.00426551
0.00426098
0.00425665
0.0042529
0.00424877
0.00425575
0.00425162
0.00424808
0.0042652
0.00426084
0.00427829
0.00427398
0.00427034
0.00427686
0.00427256
0.00429071
0.0042865
0.00428192
0.00428911
0.00428548
0.00428092
0.00428841
0.00428442
0.00429138
0.00428687
0.00428237
0.00427821
0.00427453
0.00426983
