0
0.186722
0.110664
0.0916442
0.0795918
0.0820595
0.0852197
0.0851915
0.0896861
0.0918775
0.0944756
0.0966514
0.0982659
0.102652
0.10387
0.105079
0.106409
0.107933
0.113778
0.117056
0.12149
0.123166
0.125612
0.126784
0.130094
0.132812
0.136354
0.13868
0.140329
0.141076
0.144316
0.146534
0.148854
0.150294
0.151621
0.153113
0.153808
0.156668
0.159279
0.161556
0.163675
0.165524
0.168051
0.168813
0.170984
0.173095
0.175978
0.177612
0.179655
0.182052
0.183981
0.185042
0.186957
0.189381
0.190612
0.192236
0.193906
0.19651
0.196916
0.197686
0.199848
0.201453
0.201982
0.203076
0.203527
0.204755
0.20531
0.206788
0.208604
0.209719
0.21126
0.211738
0.212937
0.214455
0.215838
0.217364
0.218596
0.21969
0.221028
0.22278
0.224802
0.225412
0.227329
0.22888
0.229854
0.231534
0.232628
0.23414
0.235638
0.236182
0.237492
0.238408
0.239488
0.240241
0.241698
0.242605
0.24436
0.245226
0.246218
0.246615
0.247384
0.247901
0.249171
0.25072
0.251196
0.252223
0.253787
0.25463
0.256177
0.256944
0.257871
0.259057
0.260208
0.261159
0.261867
0.262706
0.263234
0.264445
0.265077
0.26612
0.266775
0.267154
0.267561
0.268086
0.268476
0.268313
0.268607
0.269382
0.269952
0.270992
0.272085
0.272882
0.273614
0.274508
0.275261
0.275465
0.276156
0.276736
0.277758
0.27832
0.278866
0.279176
0.279951
0.280458
0.280835
0.281646
0.281804
0.282089
0.282409
0.283008
0.283616
0.284227
0.284335
0.284652
0.284834
0.285287
0.285882
0.286828
0.287351
0.287791
0.288567
0.289211
0.289685
0.290261
0.291005
0.291602
0.292346
0.293083
0.294048
0.294918
0.295248
0.296163
0.296423
0.296938
0.297754
0.29819
0.29867
0.299185
0.299682
0.300328
0.300779
0.301462
0.302126
0.302765
0.303931
0.304205
0.30481
0.305327
0.30553
0.305482
0.305403
0.305846
0.305949
0.306444
0.306524
0.306762
0.30709
0.307826
0.308057
0.308419
0.308744
0.309139
0.309516
0.309873
0.310423
0.310788
0.311028
0.311458
0.312183
0.312986
0.313321
0.313533
0.314211
0.314479
0.314975
0.315068
0.315135
0.3158
0.315762
0.316231
0.316791
0.317042
0.317489
0.318156
0.318593
0.318932
0.319497
0.319835
0.320278
0.320746
0.321341
0.321646
0.321938
0.322047
0.322631
0.322971
0.323153
0.323502
0.324111
0.324478
0.324888
0.325172
0.325403
0.325817
0.326121
0.326401
0.326448
0.326863
0.32705
0.327273
0.32742
0.327738
0.32797
0.32848
0.328884
0.329156
0.329319
0.329798
0.32982
0.330135
0.330265
0.330578
0.330997
0.331359
0.331772
0.33202
0.332285
0.332681
0.332702
0.333023
0.333236
0.333501
0.333631
0.334023
0.334282
0.334478
0.334794
0.335175
0.335581
0.335786
0.336431
0.33653
0.336909
0.337109
0.337482
0.337668
0.338046
0.338272
0.338521
0.338553
0.338808
0.339225
0.339586
0.339955
0.340314
0.340526
0.340623
0.340882
0.34127
0.341662
0.342112
0.34212
0.342225
0.342436
0.342665
0.342731
0.342897
0.343167
0.34346
0.343829
0.344129
0.344196
0.344689
0.34489
0.345244
0.345439
0.345585
0.34567
0.345833
0.346312
0.346455
0.34684
0.347172
0.347279
0.347459
0.347605
0.348038
0.348223
0.348329
0.348493
0.348557
0.349089
0.349474
0.349853
0.350213
0.350361
0.35058
0.350615
0.350693
0.350963
0.35122
0.351218
0.351517
0.351641
0.351845
0.351947
0.352312
0.352594
0.352869
0.353083
0.353336
0.353348
0.353464
0.353746
0.354036
0.354212
0.354417
0.354407
0.354618
0.354882
0.355354
0.35574
0.35604
0.356088
0.356282
0.356431
0.356655
0.356695
0.356865
0.357066
0.357376
0.357688
0.357917
0.358023
0.358153
0.358247
0.358365
0.358458
0.358341
0.3586
0.358588
0.358809
0.359009
0.359111
0.359253
0.359492
0.359592
0.359878
0.359987
0.360157
0.36022
0.360321
0.360618
0.360673
0.360931
0.361363
0.36144
0.361808
0.362253
0.362547
0.362714
0.362913
0.363147
0.36336
0.363645
0.36393
0.364084
0.364223
0.364452
0.36433
0.364415
0.364635
0.364783
0.365016
0.365143
0.365119
0.36533
0.365579
0.365776
0.366011
0.366087
0.366214
0.366535
0.366729
0.367075
0.367158
0.36747
0.367734
0.367957
0.368198
0.368457
0.368707
0.368959
0.369053
0.3692
0.36956
0.3697
0.369754
0.370037
0.370116
0.370405
0.370671
0.370759
0.370871
0.371
0.371032
0.371122
0.371404
0.371726
0.371912
0.371952
0.372184
0.372393
0.372375
0.372678
0.372794
0.373003
0.373194
0.373376
0.373513
0.373636
0.373655
0.373944
0.374053
0.374256
0.374513
0.374574
0.374592
0.374543
0.37478
0.375023
0.375141
0.375223
0.375521
0.375729
0.375905
0.376072
0.376169
0.376225
0.376385
0.37666
0.376732
0.377144
0.377331
0.377729
0.377803
0.377916
0.37805
0.378257
0.37839
0.378514
0.378684
0.378682
0.378733
0.379036
0.379267
0.379353
0.379537
0.379691
0.379817
0.380191
0.380405
0.380514
0.38066
0.380829
0.38103
0.380964
0.381018
0.381092
0.381246
0.381383
0.381542
0.381618
0.381801
0.382004
0.38205
0.382261
0.382388
0.382637
0.382654
0.382747
0.382897
0.383037
0.3832
0.383318
0.383443
0.383631
0.383754
0.383928
0.384135
0.384244
0.384238
0.384319
0.38438
0.384489
0.384581
0.384733
0.384832
0.384787
0.384937
0.384956
0.384896
0.384998
0.385028
0.38508
0.385203
0.385407
0.385524
0.385693
0.385909
0.386147
0.386288
0.386446
0.386593
0.386604
0.386722
0.386809
0.386795
0.386965
0.387193
0.387254
0.387287
0.387384
0.387491
0.387618
0.387691
0.3877
0.387761
0.38797
0.388232
0.388386
0.388545
0.388645
0.388644
0.388715
0.38895
0.389043
0.389165
0.389399
0.389514
0.389687
0.389551
0.389684
0.389777
0.389902
0.390091
0.390301
0.39047
0.39056
0.390708
0.390834
0.390861
0.390974
0.390998
0.391081
0.391163
0.391324
0.391397
0.391536
0.391623
0.391671
0.3919
0.391901
0.392045
0.392056
0.392194
0.392385
0.392486
0.392624
0.392703
0.392929
0.393138
0.393368
0.39344
0.393549
0.393655
0.393767
0.393912
0.393924
0.39402
0.394145
0.394287
0.394404
0.39444
0.394478
0.394561
0.394626
0.3948
0.394988
0.395
0.395087
0.395189
0.395285
0.395519
0.395516
0.395566
0.395662
0.39588
0.395927
0.396004
0.396102
0.3963
0.396344
0.396403
0.396571
0.396687
0.396936
0.397091
0.397254
0.397384
0.397387
0.397489
0.397497
0.397624
0.397714
0.397793
0.397809
0.397932
0.398099
0.398143
0.398122
0.398259
0.398406
0.39852
0.398583
0.39859
0.398661
0.398749
0.398866
0.398991
0.399114
0.399333
0.399408
0.399452
0.399565
0.399716
0.399789
0.399813
0.399906
0.399934
0.400122
0.400186
0.40027
0.400361
0.400469
0.400721
0.400823
0.400922
0.40095
0.401064
0.401079
0.401252
0.401286
0.401402
0.401408
0.401452
0.401665
0.401735
0.401863
0.401946
0.402073
0.402097
0.402336
0.402441
0.402477
0.402437
0.402517
0.402502
0.402502
0.402601
0.402704
0.40283
0.403004
0.403151
0.403207
0.403295
0.403377
0.403393
0.403342
0.403454
0.403456
0.403519
0.403517
0.403534
0.403631
0.403794
0.403859
0.403876
0.403935
0.403956
0.404044
0.403999
0.404124
0.404075
0.404166
0.404301
0.404384
0.404424
0.404488
0.404581
0.40471
0.404767
0.404862
0.404978
0.4052
0.405323
0.405441
0.405471
0.405562
0.405609
0.405743
0.405785
0.405873
0.405951
0.40594
0.405982
0.406108
0.406215
0.406192
0.406268
0.406276
0.406355
0.406493
0.406577
0.406703
0.406944
0.407077
0.407221
0.407327
0.40738
0.407388
0.407547
0.407648
0.407636
0.407714
0.407726
0.40783
0.407973
0.408069
0.408199
0.408256
0.408176
0.408183
0.408285
0.408429
0.408477
0.408658
0.408769
0.408831
0.408928
0.408947
0.408973
0.409019
0.409054
0.409146
0.409152
0.40914
0.409256
0.409311
0.409358
0.409463
0.409518
0.409566
0.409587
0.409626
0.409679
0.409716
0.409771
0.409853
0.409975
0.410101
0.410179
0.410242
0.410245
0.410309
0.410384
0.41058
0.410714
0.410773
0.410771
0.410797
0.41084
0.410908
0.41101
0.411031
0.411042
0.411141
0.411212
0.411321
0.411356
0.411459
0.411491
0.411526
0.411587
0.411706
0.41171
0.411785
0.411814
0.411803
0.411849
0.411872
0.411865
0.411978
0.412147
0.412265
0.412314
0.412273
0.412325
0.412345
0.412495
0.412571
0.412655
0.412697
0.412783
0.412854
0.412961
0.413035
0.413111
0.413194
0.413235
0.413341
0.4134
0.413384
0.413404
0.413467
0.413488
0.413513
0.413534
0.413525
0.41354
0.413549
0.413631
0.413735
0.413803
0.413805
0.413799
0.413814
0.41385
0.413907
0.413947
0.414059
0.414175
0.414238
0.414325
0.414333
0.414383
0.414444
0.414542
0.414607
0.414674
0.414771
0.414823
0.414814
0.414895
0.415022
0.415061
0.415127
0.415188
0.415298
0.415335
0.415299
0.415346
0.415404
0.415423
0.415488
0.415522
0.41559
0.415712
0.415738
0.415839
0.41581
0.415876
0.415935
0.415976
0.415989
0.416067
0.416166
0.416185
0.4162
0.416182
0.4162
0.416159
0.416112
0.416123
0.416222
0.416268
0.416367
0.416412
0.416522
0.41654
0.416667
0.416725
0.416745
0.416791
0.416926
0.41694
0.416922
0.41699
0.417106
0.417194
0.417258
0.417315
0.417377
0.417483
0.417555
0.417534
0.41764
0.417728
0.417807
0.417884
0.417953
0.418123
0.418126
0.418179
0.418178
0.418274
0.418365
0.418395
0.41848
0.418514
0.418593
0.41866
0.418735
0.418796
0.418771
0.418826
0.418886
0.418905
0.419
0.419102
0.41916
0.419209
0.419345
0.419319
0.419332
0.419423
0.419502
0.419522
0.419703
0.419801
0.419893
0.419929
0.420003
0.4201
0.420121
0.420153
0.420236
0.420317
0.420391
0.420462
0.420613
0.420668
0.420721
0.420842
0.420884
0.420977
0.421026
0.421035
0.421162
0.421203
0.421221
