0
0.194215
0.134096
0.125594
0.121656
0.126257
0.135683
0.137726
0.146029
0.149342
0.153436
0.15591
0.158571
0.162374
0.164694
0.168169
0.170238
0.173074
0.177677
0.180889
0.184758
0.188098
0.189728
0.194286
0.197905
0.200022
0.20277
0.205359
0.208676
0.210356
0.212234
0.214246
0.216606
0.219315
0.22304
0.224094
0.226803
0.229841
0.232906
0.235312
0.236922
0.238962
0.2407
0.24275
0.244608
0.246863
0.248695
0.250399
0.251469
0.252842
0.254835
0.257008
0.258592
0.259326
0.260696
0.262649
0.263818
0.265837
0.267348
0.269317
0.27074
0.272146
0.273295
0.275058
0.276259
0.278556
0.280411
0.281424
0.283228
0.284746
0.287124
0.288008
0.290098
0.291789
0.292712
0.293864
0.295633
0.29693
0.297524
0.298683
0.299817
0.300921
0.301997
0.3029
0.304362
0.305812
0.306512
0.307473
0.308629
0.309458
0.311325
0.313497
0.314912
0.315932
0.316908
0.318359
0.319085
0.320519
0.320991
0.322045
0.323247
0.324783
0.325733
0.326719
0.32807
0.329277
0.329836
0.330954
0.332013
0.332513
0.333663
0.334508
0.335927
0.336932
0.337851
0.338348
0.339027
0.339732
0.3404
0.34162
0.342373
0.342849
0.343313
0.34415
0.344625
0.345646
0.346167
0.346697
0.347173
0.347788
0.348699
0.34945
0.349852
0.35036
0.351574
0.352262
0.352928
0.353552
0.354413
0.355375
0.356258
0.357022
0.358002
0.358882
0.359275
0.359684
0.36041
0.360752
0.36154
0.362679
0.363352
0.364178
0.364695
0.365024
0.365429
0.365964
0.36643
0.367065
0.367987
0.368569
0.369034
0.369508
0.370138
0.370828
0.371405
0.371795
0.371995
0.372739
0.373122
0.373666
0.374137
0.374944
0.375336
0.37593
0.376742
0.377103
0.377605
0.378079
0.378735
0.379364
0.37976
0.380251
0.380852
0.381196
0.382011
0.382526
0.382912
0.383551
0.384111
0.384419
0.384826
0.385322
0.385936
0.386296
0.386758
0.38731
0.387677
0.388526
0.388931
0.389678
0.389994
0.390319
0.390512
0.390998
0.391616
0.392172
0.392484
0.393065
0.393374
0.393917
0.394146
0.394461
0.394683
0.395164
0.395561
0.395798
0.396347
0.396777
0.396978
0.397388
0.397458
0.397725
0.398068
0.398345
0.398885
0.399156
0.399444
0.399975
0.400272
0.400665
0.401104
0.401209
0.401488
0.401888
0.402216
0.40261
0.402954
0.403354
0.403673
0.403947
0.40439
0.404889
0.405431
0.405869
0.40615
0.406614
0.407034
0.407314
0.407636
0.408116
0.40854
0.408758
0.409131
0.40948
0.41006
0.410456
0.410876
0.411126
0.411443
0.411574
0.411818
0.411829
0.412136
0.412607
0.41293
0.413071
0.413257
0.413478
0.413834
0.414128
0.41446
0.414871
0.415212
0.415595
0.415842
0.416133
0.416432
0.416677
0.41706
0.417284
0.417625
0.418014
0.418208
0.418425
0.418758
0.419099
0.419293
0.41946
0.41957
0.419902
0.420231
0.420399
0.420748
0.421048
0.421377
0.421631
0.422001
0.422459
0.422558
0.422985
0.423224
0.423492
0.423647
0.423957
0.424265
0.424321
0.424621
0.424817
0.424953
0.425168
0.42524
0.425422
0.42573
0.426133
0.426339
0.426665
0.42691
0.427217
0.427439
0.427658
0.427813
0.427811
0.427857
0.428195
0.428444
0.428421
0.428648
0.428856
0.428881
0.429079
0.429224
0.429347
0.429482
0.429694
0.430027
0.430315
0.430476
0.43063
0.430631
0.430907
0.431153
0.431294
0.431676
0.431812
0.431823
0.432221
0.432292
0.432631
0.432846
0.433031
0.433285
0.433502
0.433633
0.434065
0.434174
0.434384
0.434649
0.434874
0.434881
0.43514
0.435409
0.43556
0.435745
0.435873
0.435971
0.436214
0.436331
0.436472
0.436685
0.436844
0.437085
0.437297
0.437419
0.437468
0.437638
0.437812
0.438126
0.438229
0.438431
0.438554
0.438747
0.438875
0.439049
0.43935
0.439606
0.439732
0.439945
0.439999
0.44021
0.440511
0.440627
0.440641
0.440783
0.441017
0.441124
0.441356
0.441435
0.441791
0.442014
0.442177
0.442206
0.442258
0.442649
0.442692
0.442917
0.443014
0.44319
0.443265
0.443468
0.443699
0.443799
0.443866
0.443941
0.444044
0.4443
0.444515
0.444668
0.444796
0.445016
0.445151
0.445241
0.44531
0.445516
0.445629
0.445671
0.445838
0.446047
0.446119
0.446319
0.446422
0.446534
0.44668
0.446947
0.447095
0.44729
0.447389
0.447585
0.447852
0.448052
0.448183
0.448418
0.448541
0.448728
0.448835
0.448956
0.449119
0.44917
0.449253
0.449361
0.4495
0.449681
0.449869
0.450129
0.450266
0.450317
0.450431
0.450687
0.450838
0.45103
0.451026
0.451045
0.451205
0.451362
0.451632
0.451838
0.451981
0.452064
0.452166
0.452415
0.45261
0.452794
0.45289
0.452964
0.453116
0.453245
0.453345
0.453447
0.453576
0.453629
0.453786
0.454028
0.454154
0.454227
0.454286
0.454405
0.454537
0.454678
0.454866
0.455019
0.455109
0.455276
0.455403
0.455551
0.455687
0.455889
0.456001
0.456228
0.456372
0.45646
0.456608
0.456735
0.45692
0.456993
0.457037
0.457067
0.457159
0.457361
0.457467
0.457641
0.457729
0.457853
0.457993
0.458068
0.458226
0.458301
0.458379
0.458492
0.458718
0.458752
0.458772
0.45884
0.458959
0.459048
0.459098
0.459183
0.45926
0.459352
0.459507
0.459606
0.459722
0.459946
0.460076
0.460238
0.460424
0.460516
0.460553
0.460721
0.460865
0.460979
0.461064
0.461132
0.461128
0.461264
0.461431
0.46155
0.461638
0.461682
0.461793
0.461912
0.461958
0.462028
0.462074
0.462144
0.462139
0.462319
0.462367
0.462495
0.462562
0.462614
0.462672
0.462779
0.462824
0.462928
0.462991
0.463135
0.463276
0.463337
0.463462
0.463506
0.463535
0.463623
0.463832
0.463847
0.463931
0.464077
0.464191
0.464187
0.464319
0.46438
0.464516
0.464609
0.4647
0.464819
0.46496
0.465115
0.46525
0.465345
0.465513
0.465532
0.465661
0.465821
0.465838
0.465965
0.466023
0.466126
0.466264
0.466329
0.466408
0.466551
0.466644
0.466722
0.4668
0.466939
0.467086
0.467179
0.467335
0.467444
0.467566
0.467623
0.467734
0.467893
0.468011
0.468133
0.468217
0.468327
0.468396
0.468392
0.468397
0.46855
0.468633
0.468727
0.468804
0.468944
0.469045
0.469221
0.469311
0.469381
0.469388
0.469508
0.469605
0.469777
0.469889
0.469928
0.470147
0.47024
0.470342
0.470473
0.470557
0.470643
0.470704
0.470769
0.470923
0.470986
0.471078
0.471138
0.471242
0.471349
0.471366
0.471426
0.47153
0.471674
0.471818
0.471885
0.472023
0.472045
0.472045
0.472087
0.472154
0.472219
0.472273
0.472344
0.472422
0.472472
0.472579
0.472727
0.472821
0.472941
0.473138
0.47324
0.473241
0.473342
0.473448
0.473446
0.473516
0.473623
0.473658
0.47373
0.473848
0.473901
0.474046
0.474113
0.47423
0.474333
0.474427
0.474509
0.474605
0.474682
0.474746
0.474786
0.47485
0.474898
0.47491
0.475046
0.475144
0.475213
0.475303
0.475376
0.475391
0.475516
0.475576
0.4756
0.475706
0.475726
0.475792
0.475839
0.475868
0.475934
0.475959
0.475978
0.476118
0.476163
0.4762
0.47616
0.476221
0.47631
0.476423
0.47657
0.476583
0.476671
0.476723
0.476787
0.476929
0.476922
0.477007
0.477113
0.477195
0.47724
0.477462
0.477497
0.477596
0.477582
0.477688
0.477743
0.477841
0.477831
0.477937
0.47799
0.478135
0.478266
0.478355
0.478364
0.478479
0.478539
0.478633
0.478729
0.47877
0.478846
0.478946
0.479017
0.479115
0.479193
0.479264
0.479288
0.479424
0.479625
0.479671
0.479738
0.479825
0.479968
0.480054
0.480083
0.480185
0.480295
0.480334
0.480437
0.480456
0.480514
0.4806
0.480613
0.480692
0.48081
0.480865
0.480922
0.481036
0.481074
0.481165
0.481248
0.481362
0.481423
0.481499
0.481519
0.481599
0.481605
0.481589
0.48165
0.48172
0.481799
0.481849
0.481867
0.481924
0.481986
0.482022
0.482022
0.482162
0.48219
0.482265
0.482388
0.482415
0.482425
0.48251
0.482513
0.482554
0.48265
0.482739
0.482769
0.48282
0.482928
0.483003
0.483047
0.483097
0.483143
0.483234
0.483323
0.483362
0.483459
0.483536
0.483555
0.483629
0.483667
0.483783
0.483858
0.483962
0.48405
0.484073
0.484195
0.484262
0.484324
0.484378
0.484368
0.484431
0.484562
0.484661
0.484755
0.484828
0.484872
0.484922
0.485
0.485106
0.485207
0.485243
0.485301
0.485458
0.485568
0.485568
0.48567
0.485726
0.485713
0.485803
0.485821
0.485829
0.485891
0.485914
0.486012
0.486103
0.486192
0.486244
0.486331
0.48633
0.486389
0.486418
0.486531
0.486642
0.486712
0.486822
0.486887
0.486931
0.487011
0.4871
0.487108
0.487143
0.48718
0.487293
0.48735
0.487407
0.487413
0.487474
0.487515
0.487597
0.487677
0.48769
0.487724
0.487764
0.487837
0.487959
0.488024
0.488062
0.488104
0.488168
0.488232
0.488305
0.488374
0.488448
0.488488
0.488588
0.488653
0.488696
0.488713
0.48875
0.488864
0.488892
0.488902
0.488891
0.488944
0.489041
0.489094
0.489132
0.489218
0.489271
0.489345
0.48943
0.489441
0.489492
0.48952
0.489549
0.489611
0.48969
0.489766
0.489774
0.489857
0.489901
0.489947
0.490011
0.490071
0.49012
0.490133
0.49018
0.490172
0.490183
0.490255
0.490268
0.490394
0.490413
0.490428
0.490471
0.490499
0.490545
0.49054
0.490538
0.490605
0.490669
0.490704
0.490766
0.490898
0.490893
0.490908
0.490907
0.490953
0.491003
0.491091
0.49118
0.491213
0.491245
0.49129
0.491307
0.491346
0.491392
0.491423
0.491489
0.491615
0.491673
0.491708
0.491754
0.491829
0.491858
0.491854
0.491967
0.492066
0.492105
0.492161
0.492267
0.492336
0.492352
0.492452
0.492497
0.492494
0.49255
0.492625
0.492675
0.492735
0.49272
0.492765
0.492798
0.492848
0.492886
0.492904
0.492997
0.493074
0.493129
0.493209
0.493301
0.493354
0.493467
0.493492
0.493542
0.493565
0.493601
0.493663
0.49364
0.493666
0.493698
0.493717
