0.840426
0.833876
0.828407
0.830878
0.828423
0.826339
0.822995
0.823932
0.827553
0.823775
0.812624
0.799854
0.787848
0.779157
0.770516
0.765709
0.7588
0.753102
0.749331
0.742999
0.733866
0.725123
0.717556
0.711164
0.704836
0.696759
0.690155
0.684206
0.680337
0.675128
0.667306
0.660634
0.653938
0.648495
0.641653
0.63658
0.632621
0.627888
0.624098
0.619802
0.614269
0.608241
0.603318
0.597055
0.591585
0.5865
0.581783
0.576941
0.573281
0.570066
0.566759
0.561868
0.557789
0.553464
0.551088
0.546608
0.543175
0.539171
0.535918
0.532594
0.529533
0.526634
0.52358
0.520718
0.517809
0.515058
0.512325
0.509805
0.507251
0.505168
0.503145
0.502032
0.500572
0.498499
0.497272
0.495616
0.493813
0.491834
0.490392
0.488696
0.488058
0.487056
0.486509
0.485794
0.485106
0.484471
0.483935
0.483324
0.482738
0.481933
0.482201
0.482826
0.483339
0.483505
0.484142
0.48465
0.484996
0.485319
0.485481
0.485816
0.486286
0.486466
0.486717
0.487172
0.487893
0.488399
0.488877
0.489014
0.489044
0.488974
0.489039
0.489149
0.489487
0.489777
0.490216
0.490026
0.49027
0.490603
0.490891
0.491383
0.491493
0.491705
0.492205
0.492427
0.492593
0.492892
0.493102
0.49308
0.493049
0.493391
0.493347
0.493714
0.493901
0.494332
0.494679
0.494961
0.495126
0.495482
0.495807
0.495867
0.496091
0.496081
0.496192
0.496503
0.496801
0.496793
0.497047
0.497379
0.497818
0.497913
0.498102
0.498375
0.498227
0.49841
0.498321
0.498262
0.498119
0.498082
0.498059
0.498195
0.49854
0.499051
0.499394
0.499598
0.499541
0.499669
0.499737
0.499621
0.499759
0.499845
0.500116
0.500166
0.500425
0.500467
0.500195
0.500269
0.500522
0.500667
0.500755
0.500928
0.501111
0.501196
0.501273
0.501087
0.501366
0.501612
0.501669
0.501823
0.501883
0.501913
0.502169
0.50218
0.50234
0.502435
0.502552
0.50259
0.502509
0.502468
0.502627
0.502713
0.502879
0.50293
0.502948
0.503058
0.503259
0.503419
0.503483
0.503766
0.503681
0.503632
0.503954
0.504154
0.504232
0.504161
0.504448
0.504601
0.504722
0.504752
0.504681
0.504849
0.504896
0.505047
0.505128
0.505277
0.505103
0.505075
0.505163
0.505121
0.505252
0.505537
0.505408
0.505423
0.505541
0.505645
0.505762
0.50604
0.506113
0.506193
0.506258
0.506338
0.506551
0.506636
0.50672
0.506977
0.507079
0.507095
0.50703
0.507188
0.507176
0.507226
0.507003
0.506958
0.506966
0.507127
0.507069
0.507024
0.507055
0.507208
0.507209
0.50736
0.507361
0.507365
0.507524
0.507534
0.507547
0.507642
0.507816
0.508005
0.508172
0.508294
0.508346
0.508513
0.508511
0.508632
0.508594
0.508717
0.508835
0.508749
0.508879
0.50889
0.508987
0.50907
0.509011
0.509161
0.509215
0.509325
0.509373
0.509366
0.509383
0.509445
0.509477
0.509428
0.509628
0.509809
0.509742
0.509693
0.509786
0.509826
0.509783
0.509922
0.509987
0.510096
0.509974
0.509978
0.509909
0.510033
0.510074
0.510256
0.510446
0.510455
0.510529
0.51066
0.510608
0.510675
0.510662
0.510681
0.51059
0.51065
0.510773
0.510922
0.511065
0.511024
0.511045
0.511247
0.511308
0.511351
0.511414
0.51152
0.511528
0.511634
0.511819
0.51184
0.511872
0.511924
0.512008
0.512069
0.512085
0.512216
0.512408
0.512491
0.512519
0.512717
0.512808
0.512981
0.513068
0.513028
0.513061
0.513077
0.512992
0.513095
0.513029
0.513128
0.51316
0.513117
0.513079
0.513046
0.513149
0.51327
0.513389
0.513504
0.513538
0.513629
0.513712
0.513748
0.513887
0.513803
0.513806
0.51388
0.514106
0.514099
0.514131
0.514263
0.514268
0.514351
0.514379
0.514375
0.514493
0.514641
0.514596
0.514706
0.514732
0.514778
0.514881
0.514878
0.51486
0.514933
0.515091
0.515072
0.515061
0.515091
0.515099
0.515068
0.515031
0.515011
0.515016
0.514994
0.515053
0.515089
0.515106
0.515169
0.515133
0.515103
0.515154
0.5151
0.515114
0.515093
0.515113
0.515137
0.515212
0.515202
0.515155
0.515252
0.515253
0.515268
0.515287
0.515393
0.51529
0.515442
0.515533
0.51555
0.515509
0.515586
0.515556
0.515645
0.515731
0.515814
0.515804
0.515951
0.516001
0.51605
0.516016
0.516015
0.516083
0.516114
0.516095
0.516166
0.516281
0.516241
0.516255
0.516319
0.516376
0.516417
0.516511
0.516463
0.516516
0.516482
0.516528
0.516627
0.516678
0.516709
0.51673
0.516724
0.516789
0.516793
0.516735
0.516728
0.51683
0.516851
0.516853
0.516854
0.516827
0.51687
0.516934
0.516931
0.516929
0.516945
0.516955
0.516958
0.516946
0.516963
0.516989
0.51701
0.51707
0.517123
0.51716
0.517254
0.517281
0.517255
0.517261
0.517333
0.517423
0.517405
0.517486
0.51754
0.51757
0.517541
0.517523
0.517541
0.517574
0.517581
0.51766
0.517732
0.51771
0.517786
0.517806
0.517842
0.517786
0.517848
0.517819
0.517854
0.517874
0.518003
0.518004
0.518013
0.517971
0.517986
0.518086
0.518066
0.518076
0.518124
0.518129
0.518137
0.518134
0.518163
0.518146
0.518058
0.518029
0.51808
0.518166
0.518221
0.51826
0.518333
0.518413
0.518391
0.518384
0.518385
0.518397
0.518385
0.518319
0.518371
0.518434
0.518474
0.518536
0.51857
0.518623
0.518656
0.518687
0.518734
0.518774
0.518836
0.518826
0.518903
0.518926
0.518937
0.518977
0.518961
0.518999
0.51898
0.519071
0.519082
0.51908
0.518997
0.519025
0.519008
0.51902
0.519014
0.519021
0.519081
0.519066
0.519169
0.519103
0.519006
0.518974
0.518948
0.518973
0.518964
0.519021
0.518987
0.518988
0.518907
0.518962
0.518954
0.518922
0.518887
0.518985
0.518937
0.518988
0.518987
0.519048
0.51909
0.519086
0.519107
0.519112
0.519165
0.519143
0.519127
0.519146
0.519216
0.519155
0.519199
0.519176
0.51914
0.519165
0.519148
0.519182
0.519219
0.519265
0.519277
0.519318
0.51934
0.51938
0.519445
0.519447
0.519543
0.519514
0.519515
0.519551
0.519523
0.519486
0.519466
0.519482
0.51947
0.519496
0.519564
0.519589
0.519627
0.519634
0.519675
0.519671
0.519681
0.519659
0.519653
0.519684
0.519709
0.51974
0.519773
0.51975
0.519767
0.519827
0.519822
0.519864
0.519865
0.519866
0.5199
0.519898
0.519902
0.51993
0.519961
0.519989
0.520079
0.52012
0.520065
0.520052
0.520058
0.519984
0.519966
0.519909
0.519879
0.519899
0.519926
0.51991
0.519899
0.519908
0.519927
0.519948
0.519962
0.519967
0.519998
0.519995
0.520055
0.520034
0.519981
0.520012
0.519985
0.519971
0.519957
0.519923
0.519949
0.519996
0.519962
0.520014
0.519952
0.51995
0.519984
0.51994
0.519971
0.519956
0.519984
0.51996
0.519984
0.520049
0.520037
0.520036
0.520022
0.520056
0.52006
0.520114
0.520167
0.52014
0.520201
0.52021
0.520211
0.520177
0.52019
0.520148
0.520149
0.520186
0.520153
0.520199
0.520163
0.52015
0.520118
0.520117
0.520079
0.520112
0.520077
0.520094
0.520089
0.520114
0.520086
0.520077
0.520092
0.520071
0.520064
0.520066
0.520073
0.520087
0.520093
0.520142
0.5201
0.520158
0.520154
0.520212
0.520215
0.520235
0.520248
0.520282
0.520267
0.520218
0.520223
0.520243
0.520198
0.52026
0.520265
0.520325
0.520348
0.520345
0.520393
0.520403
0.520462
0.52048
0.520495
0.52054
0.520538
0.520544
0.520554
0.52055
0.520602
0.520679
0.520667
0.520745
0.520734
0.520723
0.520722
0.52077
0.520775
0.520794
0.520823
0.52082
0.520789
0.520834
0.520875
0.520904
0.520914
0.520916
0.520924
0.520921
0.520929
0.520949
0.520907
0.520924
0.520948
0.520992
0.520981
0.521032
0.520976
0.520994
0.520992
0.520979
0.521036
0.521011
0.52097
0.520998
0.521016
0.521005
0.521024
0.521096
0.521067
0.521074
0.521086
0.521081
0.521077
0.521112
0.521149
0.521198
0.52119
0.521239
0.521262
0.521307
0.521315
0.521389
0.521415
0.521456
0.521468
0.52148
0.521506
0.521489
0.521469
0.521484
0.521501
0.521546
0.521614
0.521705
0.521698
0.521689
0.521705
0.521734
0.521762
0.521769
0.521797
0.521838
0.521841
0.521841
0.521883
0.521859
0.521902
0.521885
0.521902
0.521945
0.521953
0.52197
0.522016
0.522042
0.522092
0.522145
0.522126
0.522152
0.522173
0.52219
0.522176
0.522163
0.52219
0.522207
0.522267
0.52231
0.522336
0.522358
0.522323
0.52234
0.522313
0.522305
0.522267
0.522296
0.522326
0.522365
0.52235
0.522349
0.522316
0.52231
0.522308
0.522315
0.522332
0.522334
0.522343
0.52234
0.522325
0.522325
0.522359
0.522351
0.522392
0.522384
0.522399
0.522445
0.522442
0.522485
0.522503
0.522496
0.522507
0.522521
0.522474
0.522473
0.522519
0.522534
0.522534
0.522549
0.52255
0.522608
0.522634
0.522628
0.522601
0.522617
0.522625
0.522629
0.522608
0.522578
0.522595
0.52261
0.522604
0.522606
0.522617
0.522619
0.522594
0.522632
0.522604
0.522579
0.522522
0.522505
0.522491
0.522475
0.522466
0.522402
0.522415
0.5224
0.522407
0.522418
0.522385
0.522407
0.522406
0.52241
0.52244
0.522471
0.522458
0.522457
0.522435
0.522479
0.522498
0.522489
0.522492
0.522502
0.522452
0.522444
0.522441
0.52245
0.522417
0.522416
0.522398
0.522423
0.522416
0.522394
0.522401
0.522372
0.522366
0.522403
0.522394
0.522399
0.522377
0.522412
0.52243
0.52243
0.522445
0.522461
0.522471
0.522454
0.522476
0.522462
0.52247
0.52242
0.52244
0.522441
0.522419
0.522435
0.522449
0.522452
0.522444
0.522437
0.522451
0.522416
0.522403
0.522459
0.522465
0.52247
0.522445
0.522448
0.52243
0.522437
0.522403
0.522427
0.522449
0.522427
0.522438
0.522447
0.522444
0.522464
0.52246
0.522428
0.522444
0.522474
0.522502
0.522491
0.52252
