0
0.201183
0.137275
0.127079
0.138584
0.146822
0.153051
0.161907
0.170531
0.179902
0.185119
0.191071
0.193647
0.199311
0.203813
0.208275
0.212331
0.215924
0.219701
0.222059
0.22418
0.228232
0.232648
0.236417
0.240617
0.245044
0.249973
0.253087
0.256498
0.259237
0.262609
0.26579
0.269311
0.271445
0.273003
0.275017
0.277065
0.278635
0.281009
0.283641
0.285334
0.287267
0.289525
0.291258
0.293828
0.295379
0.298743
0.300352
0.302617
0.305042
0.306665
0.308883
0.308933
0.310182
0.312367
0.313342
0.315693
0.317211
0.319554
0.321438
0.323414
0.325567
0.327416
0.329066
0.330741
0.332148
0.333695
0.335167
0.336327
0.337712
0.339203
0.340981
0.342609
0.343727
0.344808
0.346039
0.34671
0.348137
0.349436
0.3506
0.351508
0.352159
0.353212
0.353955
0.35507
0.35633
0.357352
0.359017
0.359872
0.360664
0.361993
0.362549
0.363346
0.364577
0.36554
0.367045
0.368193
0.369091
0.369883
0.371468
0.372074
0.372968
0.373912
0.374694
0.375491
0.376662
0.377669
0.378754
0.37968
0.380587
0.381354
0.382411
0.383319
0.383926
0.385211
0.385296
0.385843
0.38631
0.386947
0.387411
0.388185
0.388604
0.389261
0.389545
0.38976
0.390552
0.391232
0.391651
0.39271
0.393549
0.394088
0.395191
0.395862
0.396732
0.396857
0.397499
0.398545
0.399161
0.40006
0.400768
0.401084
0.401829
0.402572
0.403156
0.403529
0.40397
0.404334
0.405115
0.40597
0.406373
0.40693
0.407435
0.40759
0.408349
0.408557
0.409196
0.40976
0.410366
0.410925
0.411192
0.41174
0.41215
0.412458
0.413131
0.413663
0.414097
0.414258
0.414871
0.415086
0.415771
0.416143
0.416731
0.417243
0.417918
0.418358
0.418906
0.419665
0.420175
0.420784
0.421596
0.422176
0.422886
0.423192
0.423442
0.423706
0.42399
0.424475
0.425207
0.425432
0.42595
0.426529
0.427021
0.427342
0.427712
0.428277
0.428741
0.428976
0.429465
0.429719
0.43015
0.430714
0.430844
0.431415
0.431904
0.432239
0.432438
0.432772
0.433042
0.433341
0.43375
0.433909
0.434503
0.435023
0.435286
0.43559
0.435807
0.43599
0.436249
0.436823
0.437261
0.437557
0.437848
0.438039
0.438456
0.43885
0.439008
0.439252
0.43954
0.439751
0.440149
0.440356
0.440577
0.441003
0.441415
0.441588
0.441856
0.44209
0.442136
0.442524
0.443043
0.443224
0.443604
0.443933
0.444213
0.444554
0.444938
0.445226
0.44531
0.445652
0.445865
0.44627
0.446651
0.447
0.447318
0.447469
0.447809
0.448078
0.448375
0.448595
0.448849
0.449316
0.449657
0.449746
0.449991
0.450137
0.450258
0.450606
0.45078
0.450824
0.451112
0.451168
0.451451
0.451669
0.451721
0.45207
0.452281
0.452496
0.452849
0.453164
0.453496
0.453724
0.453978
0.454004
0.454298
0.454526
0.454686
0.454755
0.454997
0.455176
0.455356
0.455661
0.455866
0.455968
0.456207
0.45644
0.456765
0.456962
0.457256
0.457258
0.457688
0.457883
0.457891
0.458134
0.458384
0.458613
0.458994
0.459206
0.459402
0.459559
0.45977
0.459906
0.460082
0.460168
0.460432
0.460681
0.460812
0.461024
0.461187
0.461493
0.46174
0.461961
0.462166
0.462208
0.462284
0.462544
0.462638
0.462757
0.462871
0.463124
0.463241
0.463473
0.46369
0.4639
0.464141
0.464272
0.4645
0.464729
0.464905
0.465047
0.465089
0.465262
0.465637
0.465769
0.465916
0.466038
0.466327
0.466484
0.466716
0.466936
0.467108
0.467266
0.467526
0.467846
0.46793
0.467992
0.468201
0.468254
0.468447
0.468518
0.468695
0.468968
0.469118
0.469189
0.469114
0.469244
0.469501
0.469728
0.469822
0.470027
0.469985
0.47029
0.470498
0.470784
0.471017
0.471108
0.471215
0.471369
0.47157
0.471768
0.471875
0.472004
0.472245
0.472364
0.472642
0.472846
0.472981
0.47316
0.473352
0.473441
0.473526
0.473717
0.473942
0.474044
0.474223
0.474395
0.474522
0.474652
0.474778
0.47506
0.475224
0.475279
0.475403
0.475493
0.475667
0.47564
0.475819
0.475936
0.476135
0.476351
0.476518
0.476761
0.476932
0.477149
0.477278
0.477413
0.477569
0.477703
0.477896
0.477963
0.478004
0.478113
0.478256
0.478479
0.478701
0.478816
0.478937
0.479027
0.479212
0.479448
0.479673
0.479929
0.480124
0.480212
0.480348
0.480567
0.480757
0.480822
0.480943
0.48106
0.481178
0.481295
0.481312
0.48136
0.481376
0.48139
0.481597
0.481634
0.481744
0.481798
0.481985
0.482244
0.482452
0.48254
0.482703
0.482913
0.483109
0.483251
0.483395
0.483477
0.48359
0.483677
0.483743
0.483871
0.484135
0.484421
0.484548
0.484702
0.485012
0.485272
0.485363
0.485393
0.48557
0.485638
0.485719
0.485871
0.486066
0.486154
0.486329
0.486471
0.486594
0.486629
0.486716
0.486869
0.486882
0.486859
0.486937
0.487019
0.487145
0.487262
0.487494
0.48773
0.487695
0.487809
0.488006
0.488132
0.488207
0.488426
0.488622
0.488648
0.488749
0.488876
0.489088
0.48921
0.489315
0.489394
0.489515
0.48955
0.48951
0.489548
0.489687
0.489849
0.489993
0.490065
0.490133
0.490071
0.490139
0.490238
0.490287
0.490378
0.49051
0.490709
0.490711
0.490848
0.490871
0.490997
0.491017
0.491023
0.491146
0.491224
0.491296
0.491431
0.491459
0.491567
0.491661
0.491709
0.491714
0.491789
0.491864
0.491946
0.492012
0.492051
0.492161
0.492216
0.492294
0.492369
0.49239
0.492485
0.492644
0.492681
0.49278
0.492925
0.492967
0.493084
0.493155
0.493212
0.493241
0.493302
0.493378
0.493441
0.49351
0.493634
0.493625
0.493714
0.493794
0.493939
0.494103
0.494192
0.494225
0.494343
0.494511
0.494699
0.494844
0.494979
0.495023
0.49511
0.495187
0.495302
0.495407
0.495503
0.495535
0.495669
0.495705
0.495746
0.495809
0.495866
0.495928
0.496006
0.496081
0.496272
0.496293
0.49641
0.49655
0.496623
0.496622
0.496668
0.496767
0.496836
0.496892
0.496958
0.497002
0.497094
0.497147
0.497233
0.497333
0.497463
0.49756
0.497627
0.497791
0.497887
0.497912
0.49798
0.498013
0.498132
0.498206
0.498247
0.498282
0.498314
0.49842
0.498539
0.49867
0.498748
0.498869
0.498979
0.499021
0.498971
0.49901
0.499017
0.499068
0.499193
0.499272
0.499374
0.499401
0.499468
0.499531
0.499541
0.499593
0.499664
0.499736
0.499739
0.499793
0.499796
0.499929
0.500025
0.500152
0.500177
0.500194
0.500241
0.500243
0.500307
0.500402
0.500421
0.500523
0.500533
0.500541
0.500576
0.50068
0.500822
0.500915
0.500974
0.501093
0.501163
0.501183
0.501256
0.501338
0.501364
0.501452
0.501479
0.501414
0.501445
0.501529
0.50164
0.50173
0.501883
0.501864
0.501905
0.502052
0.502111
0.502169
0.502233
0.50224
0.502328
0.502478
0.502533
0.502593
0.50266
0.502744
0.502864
0.502873
0.502892
0.502944
0.503076
0.50304
0.503109
0.50317
0.503262
0.503328
0.503399
0.503529
0.503615
0.503661
0.503725
0.503687
0.503828
0.503867
0.503838
0.503886
0.503893
0.503921
0.503972
0.504054
0.504151
0.504275
0.504409
0.504436
0.50449
0.504603
0.504708
0.504792
0.504915
0.504949
0.504957
0.504965
0.505052
0.505105
0.50514
0.505165
0.505275
0.505365
0.505395
0.505394
0.505558
0.505582
0.505607
0.505577
0.50557
0.505642
0.505636
0.505767
0.505877
0.505937
0.506055
0.50614
0.50622
0.506343
0.506377
0.506465
0.506406
0.506434
0.506513
0.506584
0.506608
0.506662
0.50669
0.506659
0.506677
0.506757
0.506787
0.506864
0.50695
0.506986
0.507062
0.507125
0.507199
0.507225
0.507249
0.507309
0.507368
0.50747
0.507505
0.507574
0.507551
0.507648
0.507639
0.507743
0.507815
0.507866
0.507941
0.508024
0.508106
0.508158
0.508154
0.508169
0.508087
0.508146
0.50821
0.508285
0.508368
0.50847
0.508548
0.508655
0.508711
0.508751
0.508759
0.508805
0.508847
0.508849
0.508917
0.508944
0.509025
0.509005
0.509048
0.509196
0.509258
0.509322
0.509308
0.509327
0.509364
0.509405
0.509479
0.509523
0.509539
0.509617
0.509685
0.509834
0.509834
0.509878
0.509862
0.509929
0.509919
0.509983
0.510019
0.510021
0.510019
0.51004
0.510076
0.510167
0.510159
0.51025
0.510225
0.510265
0.510316
0.510292
0.510374
0.51044
0.51049
0.510562
0.510645
0.510702
0.510656
0.510709
0.510743
0.510774
0.510851
0.510937
0.510967
0.511023
0.511027
0.511016
0.511106
0.511137
0.511165
0.511166
0.511238
0.511282
0.511282
0.511327
0.511373
0.511433
0.511462
0.511475
0.511502
0.511498
0.511541
0.511606
0.511647
0.511707
0.511781
0.511824
0.511842
0.511909
0.511932
0.511936
0.511972
0.511958
0.512027
0.512047
0.51209
0.512182
0.512169
0.512208
0.512258
0.512367
0.512395
0.512412
0.512431
0.51249
0.512544
0.512584
0.512598
0.512653
0.512683
0.512705
0.512792
0.512846
0.512907
0.512952
0.51296
0.51303
0.513071
0.513076
0.513079
0.513114
0.513135
0.513201
0.513196
0.513249
0.513271
0.513307
0.513363
0.513397
0.5134
0.513486
0.513567
0.513573
0.51359
0.513632
0.513701
0.513738
0.513793
0.513831
0.513928
0.513968
0.51398
0.513978
0.514004
0.514142
0.514174
0.514234
0.514234
0.51426
0.514255
0.51429
0.51432
0.514374
0.514374
0.514406
0.514431
0.514458
0.514546
0.514571
0.514625
0.514653
0.514651
0.514686
0.514703
0.514686
0.514727
0.514838
0.514874
0.514893
0.514902
0.514954
0.514964
0.515019
0.515023
0.515096
0.515121
0.515188
0.515241
0.515247
0.515301
0.515305
0.515334
0.51538
0.51537
0.515392
0.51544
0.515492
0.515534
0.515578
0.515657
0.515682
0.515746
0.515816
0.515866
0.51587
0.515917
0.51597
0.515956
0.515968
0.516002
0.516064
0.516093
0.516175
0.516194
0.516224
0.516284
0.51635
0.51641
0.516381
0.516403
0.516502
0.516536
0.516518
0.516604
0.516623
0.516665
0.516684
0.516674
0.516752
0.51676
