0
0.15812
0.0986193
0.0885906
0.0862069
0.0763723
0.077592
0.0821839
0.0838807
0.0916816
0.0968
0.100301
0.104945
0.1107
0.115905
0.119357
0.120225
0.128161
0.130041
0.134092
0.13499
0.139713
0.144727
0.146189
0.148979
0.151054
0.155617
0.159975
0.161952
0.164888
0.167423
0.168817
0.173218
0.173768
0.1775
0.179963
0.181833
0.183638
0.186763
0.188021
0.190325
0.192433
0.195447
0.198548
0.200167
0.202163
0.204466
0.205132
0.207564
0.209237
0.210447
0.210937
0.213547
0.215181
0.218126
0.219806
0.221323
0.223256
0.226169
0.227975
0.229522
0.231723
0.233226
0.234229
0.235258
0.236903
0.23874
0.240156
0.242486
0.243678
0.245995
0.248175
0.248837
0.250068
0.250467
0.252195
0.252971
0.254747
0.256937
0.258749
0.260404
0.261383
0.263341
0.26422
0.264936
0.266578
0.26752
0.268563
0.269333
0.270445
0.272117
0.272902
0.273464
0.274993
0.276217
0.277522
0.278762
0.279503
0.280531
0.280915
0.281958
0.283305
0.283478
0.284079
0.285258
0.286786
0.288177
0.289177
0.289977
0.291503
0.29168
0.292864
0.294024
0.295261
0.296449
0.29784
0.298817
0.299411
0.300452
0.300783
0.301278
0.301568
0.301708
0.30263
0.303401
0.304586
0.305067
0.30568
0.306326
0.306968
0.308388
0.309576
0.310512
0.311266
0.312208
0.312465
0.313351
0.31408
0.314725
0.315949
0.316666
0.31763
0.318292
0.318943
0.319366
0.320532
0.320965
0.322079
0.322365
0.322456
0.322875
0.323162
0.32362
0.324458
0.325396
0.326072
0.326335
0.326952
0.327562
0.328059
0.328612
0.329098
0.32961
0.330189
0.330603
0.331491
0.331782
0.332277
0.333361
0.334103
0.334481
0.334868
0.335495
0.335767
0.336341
0.336646
0.33758
0.338107
0.338476
0.339009
0.339358
0.340192
0.340962
0.341255
0.341586
0.341926
0.342372
0.342661
0.342955
0.343063
0.343468
0.343737
0.344126
0.344546
0.344855
0.345295
0.346201
0.346677
0.346461
0.346977
0.347019
0.347561
0.348259
0.348582
0.348897
0.349716
0.35031
0.350673
0.351041
0.351259
0.351812
0.351759
0.351675
0.351969
0.352368
0.352825
0.35356
0.353782
0.354008
0.354353
0.35468
0.355163
0.355262
0.355911
0.356382
0.356803
0.357233
0.357172
0.357183
0.357296
0.3578
0.357731
0.358084
0.35842
0.358534
0.358947
0.358967
0.359528
0.359989
0.360145
0.360357
0.360613
0.360747
0.360926
0.361573
0.361813
0.362344
0.362685
0.362892
0.363238
0.36331
0.363688
0.363965
0.364415
0.364817
0.365029
0.365472
0.36576
0.366123
0.366545
0.3668
0.367226
0.367553
0.367767
0.368099
0.368415
0.368711
0.369195
0.369427
0.369449
0.369898
0.370245
0.37059
0.370872
0.370803
0.370986
0.371033
0.37155
0.37162
0.371723
0.371641
0.371689
0.372154
0.372371
0.372669
0.373006
0.373406
0.37362
0.373852
0.374125
0.374362
0.37484
0.375064
0.375604
0.37587
0.375958
0.37613
0.376437
0.376642
0.376963
0.377106
0.377257
0.377576
0.377778
0.377989
0.378271
0.378301
0.3787
0.378919
0.379053
0.379462
0.379719
0.379995
0.380243
0.380592
0.380698
0.380917
0.381013
0.381112
0.381411
0.381528
0.381699
0.382085
0.38217
0.382532
0.38258
0.382787
0.383066
0.382997
0.383282
0.383573
0.383615
0.38349
0.383632
0.383658
0.384014
0.384183
0.384412
0.384655
0.384827
0.385181
0.385435
0.385575
0.38577
0.38587
0.386175
0.386363
0.386663
0.386795
0.387062
0.387242
0.387288
0.387553
0.387735
0.388015
0.388203
0.388278
0.388503
0.388841
0.388867
0.38911
0.389294
0.389363
0.389692
0.389946
0.390089
0.390311
0.390568
0.390584
0.390559
0.390816
0.390858
0.391214
0.39157
0.391849
0.391873
0.391978
0.39238
0.392394
0.392489
0.392792
0.392923
0.393132
0.393299
0.393404
0.39335
0.393417
0.393443
0.393722
0.393818
0.393862
0.394023
0.394166
0.394399
0.394721
0.39483
0.395006
0.395247
0.39543
0.395639
0.395964
0.396248
0.396426
0.396556
0.396616
0.396803
0.396999
0.397198
0.397314
0.397329
0.397554
0.397763
0.397754
0.397941
0.398134
0.398455
0.398674
0.398901
0.3992
0.399316
0.399468
0.399613
0.399669
0.399973
0.400058
0.400312
0.400365
0.400418
0.400596
0.400866
0.401139
0.40136
0.401407
0.401796
0.401958
0.402116
0.402181
0.402192
0.402447
0.402474
0.402596
0.402717
0.402669
0.402754
0.402943
0.403085
0.403088
0.403336
0.403522
0.403631
0.403793
0.404075
0.404282
0.404535
0.404718
0.404803
0.404809
0.404862
0.40493
0.40495
0.405026
0.405275
0.405406
0.405478
0.405546
0.405758
0.405985
0.4063
0.406352
0.406602
0.406789
0.406871
0.406977
0.407205
0.407357
0.407401
0.407637
0.407778
0.407803
0.407867
0.407948
0.408115
0.408269
0.408502
0.408754
0.408872
0.408922
0.408895
0.408945
0.409018
0.40917
0.409111
0.409353
0.409503
0.409542
0.409703
0.409923
0.409949
0.410214
0.410422
0.410515
0.410561
0.410568
0.410739
0.410833
0.410922
0.411022
0.411072
0.411308
0.411343
0.411384
0.411521
0.411688
0.411823
0.411857
0.412005
0.412029
0.41218
0.412262
0.412463
0.412547
0.412532
0.412649
0.412701
0.412948
0.412994
0.413159
0.413235
0.413286
0.413424
0.413641
0.413607
0.413702
0.413831
0.413964
0.413976
0.414086
0.414155
0.41424
0.414294
0.414393
0.414518
0.414507
0.414547
0.414653
0.41477
0.414963
0.415045
0.415147
0.415225
0.415394
0.415449
0.415377
0.415533
0.415611
0.415783
0.416064
0.416166
0.416415
0.416509
0.4166
0.416613
0.416706
0.416738
0.416812
0.416932
0.417091
0.41726
0.417292
0.417342
0.417359
0.417355
0.417419
0.417614
0.41765
0.417738
0.41795
0.418002
0.418125
0.418295
0.418413
0.418484
0.418614
0.41866
0.418726
0.418737
0.418827
0.418901
0.419007
0.419076
0.419093
0.419092
0.419285
0.419462
0.419487
0.419489
0.419376
0.419418
0.419506
0.419587
0.419788
0.419869
0.419942
0.419968
0.419988
0.420137
0.420102
0.420187
0.420275
0.420462
0.420567
0.420672
0.420834
0.420875
0.420931
0.421011
0.421189
0.42117
0.421263
0.421345
0.421394
0.421555
0.421627
0.421704
0.421706
0.421749
0.421788
0.421859
0.422008
0.422099
0.422187
0.422162
0.422273
0.422443
0.422411
0.422425
0.422633
0.42267
0.422733
0.422852
0.423066
0.423098
0.42308
0.423217
0.423229
0.423268
0.423271
0.423358
0.423502
0.423542
0.423649
0.423747
0.423776
0.423967
0.424087
0.424111
0.424163
0.424204
0.424211
0.424196
0.424296
0.424412
0.424459
0.424607
0.424769
0.424844
0.424984
0.425071
0.425237
0.425329
0.425361
0.425418
0.42547
0.425509
0.425572
0.425613
0.425527
0.425498
0.425576
0.425661
0.425716
0.425825
0.42595
0.425982
0.425939
0.42597
0.426028
0.426168
0.426309
0.426317
0.42644
0.426547
0.426614
0.426759
0.426829
0.426929
0.427047
0.427159
0.427175
0.427259
0.427379
0.427415
0.427493
0.427549
0.427667
0.427702
0.427735
0.427703
0.427615
0.427658
0.427757
0.427849
0.427917
0.428027
0.428171
0.428267
0.428343
0.428459
0.42846
0.428518
0.428494
0.428511
0.428678
0.4287
0.428735
0.428793
0.428857
0.428921
0.428923
0.428986
0.429152
0.429161
0.429206
0.429336
0.429392
0.429416
0.429501
0.429503
0.429605
0.429772
0.429897
0.429916
0.430027
0.430085
0.430128
0.430218
0.430383
0.430387
0.430426
0.43052
0.430591
0.430576
0.430568
0.430661
0.430815
0.430858
0.430922
0.431026
0.431079
0.431163
0.431122
0.431213
0.431256
0.431174
0.431298
0.431357
0.431396
0.431464
0.431568
0.43164
0.431738
0.431854
0.431932
0.431909
0.431903
0.431953
0.432024
0.432036
0.43206
0.432148
0.432321
0.432311
0.432411
0.432464
0.432634
0.432736
0.432744
0.432882
0.432972
0.433112
0.433162
0.433227
0.433253
0.433286
0.433384
0.433487
0.433565
0.433688
0.433829
0.433909
0.434009
0.434028
0.43408
0.434173
0.434224
0.434291
0.434404
0.43451
0.434632
0.434704
0.434694
0.434616
0.434764
0.434845
0.434948
0.43499
0.43496
0.435061
0.435127
0.43524
0.435258
0.435316
0.435382
0.435501
0.435525
0.435557
0.435616
0.435608
0.435697
0.435661
0.435723
0.435747
0.435795
0.435849
0.435955
0.436013
0.436111
0.436053
0.436061
0.436154
0.43619
0.436303
0.436325
0.43631
0.436363
0.436487
0.436589
0.436575
0.436566
0.43666
0.436787
0.436844
0.436903
0.436887
0.436897
0.436915
0.436895
0.436933
0.437022
0.437123
0.437169
0.437289
0.437294
0.437268
0.437357
0.437457
0.437606
0.437687
0.437716
0.437762
0.437822
0.437919
0.437951
0.437995
0.438087
0.438185
0.438211
0.438262
0.438298
0.438299
0.438386
0.438463
0.438544
0.438563
0.438535
0.438522
0.438533
0.438611
0.438732
0.43876
0.438824
0.438967
0.439036
0.439011
0.439031
0.439028
0.439066
0.439077
0.439121
0.439061
0.439194
0.439244
0.43932
0.439372
0.439409
0.43946
0.439595
0.43968
0.439766
0.439749
0.439748
0.439869
0.43996
0.440058
0.440102
0.440134
0.440075
0.440092
0.440092
0.440147
0.440092
0.440144
0.440176
0.440252
0.440366
0.440391
0.440411
0.440458
0.44043
0.440432
0.440434
0.440483
0.440444
0.440535
0.44059
0.440577
0.44065
0.440705
0.440719
0.440776
0.440882
0.440882
0.440934
0.441027
0.441099
0.441214
0.441312
0.441336
0.441396
0.441512
0.441552
0.441535
0.441525
0.441519
0.441473
0.441472
0.441465
0.441528
0.441597
0.441633
0.441699
0.441745
0.441747
0.441821
0.441866
0.441929
0.442067
0.442112
0.442129
0.442101
0.44209
0.442142
0.442168
0.44221
0.44233
0.442411
0.442552
0.442599
0.442566
0.44262
0.442662
0.442722
0.442829
0.44282
0.44289
0.44296
0.443053
0.443003
0.443069
0.443115
0.443097
0.44316
0.443258
0.443289
0.443297
0.443346
0.443404
0.443402
0.443462
0.443527
0.443606
