0.794183
0.80837
0.808511
0.80884
0.816845
0.812963
0.81511
0.816195
0.815062
0.811837
0.799316
0.79059
0.781781
0.771996
0.764395
0.759267
0.752313
0.7473
0.741797
0.737121
0.726718
0.72051
0.712858
0.704903
0.699021
0.691467
0.685958
0.681462
0.676455
0.672735
0.666785
0.659886
0.652593
0.648145
0.642844
0.636125
0.631688
0.626772
0.621499
0.617349
0.611001
0.605865
0.600846
0.595185
0.590229
0.586031
0.581744
0.577931
0.574413
0.570132
0.565871
0.561083
0.558671
0.555682
0.552068
0.549114
0.546127
0.542698
0.539458
0.536453
0.53423
0.531567
0.529256
0.527296
0.524858
0.522379
0.519856
0.517533
0.515147
0.513038
0.511301
0.5093
0.50764
0.506157
0.504723
0.503299
0.501944
0.500324
0.498831
0.497431
0.496838
0.49626
0.495708
0.495602
0.495717
0.495
0.494618
0.494567
0.494106
0.493754
0.494737
0.495262
0.495786
0.496215
0.496788
0.497026
0.497363
0.497672
0.498085
0.49871
0.499083
0.499676
0.499786
0.50053
0.500915
0.501677
0.502085
0.502659
0.502805
0.503041
0.503233
0.503529
0.504064
0.504386
0.504995
0.50518
0.505302
0.505621
0.505741
0.505868
0.505912
0.506097
0.506468
0.506665
0.507062
0.507085
0.507323
0.507413
0.507783
0.507885
0.508257
0.508371
0.508316
0.508591
0.508791
0.508847
0.509309
0.509243
0.509597
0.50959
0.50994
0.510149
0.510333
0.510699
0.511023
0.511194
0.511745
0.512082
0.512453
0.512904
0.513056
0.513159
0.513244
0.513572
0.513836
0.513994
0.514172
0.514348
0.51432
0.51426
0.514715
0.514816
0.514959
0.515045
0.515189
0.515165
0.515441
0.515966
0.516248
0.516507
0.516675
0.516636
0.516562
0.516508
0.516755
0.516927
0.517174
0.517178
0.517388
0.517497
0.517878
0.517897
0.518229
0.51825
0.518494
0.518823
0.51904
0.519199
0.519343
0.519279
0.519503
0.519567
0.51976
0.52009
0.520158
0.520398
0.520417
0.520266
0.520225
0.520383
0.520452
0.520647
0.520731
0.52068
0.520614
0.520704
0.520747
0.520745
0.520834
0.520813
0.520989
0.520997
0.521226
0.521178
0.521281
0.521281
0.521432
0.521479
0.521216
0.521211
0.521295
0.521251
0.521226
0.52126
0.521183
0.521153
0.52141
0.521462
0.521421
0.521287
0.521501
0.521555
0.521548
0.521727
0.521661
0.521712
0.521975
0.522004
0.522085
0.521983
0.521842
0.521933
0.522003
0.52207
0.522013
0.522112
0.522117
0.522187
0.522134
0.522175
0.522247
0.522204
0.522178
0.522206
0.522067
0.522118
0.521985
0.521973
0.522073
0.522168
0.522182
0.522408
0.522331
0.522498
0.522524
0.522666
0.522643
0.522574
0.522575
0.522587
0.522515
0.522654
0.522573
0.522518
0.522481
0.522465
0.522602
0.522466
0.522524
0.522508
0.52256
0.522516
0.522586
0.522685
0.522832
0.522771
0.52283
0.522789
0.522855
0.522846
0.523016
0.523013
0.523126
0.52323
0.523295
0.523309
0.523395
0.523404
0.523429
0.523514
0.523529
0.523627
0.523565
0.523585
0.523597
0.523684
0.523823
0.523869
0.523905
0.523832
0.523891
0.523985
0.524053
0.524061
0.524207
0.524351
0.524383
0.524387
0.524381
0.524451
0.524434
0.524434
0.524462
0.524429
0.524447
0.524551
0.524568
0.524618
0.524583
0.524726
0.52473
0.52485
0.524884
0.524789
0.524881
0.524975
0.525018
0.525057
0.525167
0.525313
0.5252
0.525183
0.525159
0.525134
0.525217
0.525181
0.525254
0.525449
0.52551
0.525528
0.525578
0.525593
0.525584
0.525542
0.52557
0.525571
0.525646
0.525628
0.525626
0.525605
0.525546
0.525571
0.525577
0.525565
0.52562
0.52557
0.525601
0.525768
0.525839
0.525864
0.525872
0.525966
0.526088
0.526062
0.5261
0.526081
0.526142
0.526165
0.526275
0.526387
0.526373
0.526342
0.526369
0.526372
0.526488
0.52655
0.526606
0.526676
0.526701
0.526748
0.526681
0.526805
0.526809
0.526857
0.526865
0.526943
0.526851
0.527029
0.527077
0.527119
0.527219
0.527168
0.527156
0.527188
0.527189
0.527271
0.527292
0.527279
0.52731
0.527363
0.527427
0.527398
0.527387
0.527337
0.527382
0.527419
0.527399
0.527382
0.527293
0.527371
0.527351
0.527303
0.527343
0.527358
0.527425
0.527442
0.527426
0.527361
0.527399
0.52736
0.527369
0.527404
0.527517
0.527452
0.52747
0.527619
0.527646
0.527679
0.52765
0.527724
0.527669
0.527678
0.527677
0.527732
0.527869
0.527967
0.528015
0.528
0.528037
0.528022
0.527955
0.528016
0.527956
0.527967
0.52796
0.527934
0.52795
0.527915
0.527876
0.527956
0.527964
0.527875
0.5278
0.527749
0.527712
0.527656
0.527673
0.527762
0.527769
0.527738
0.52777
0.527661
0.527667
0.527627
0.527647
0.527548
0.52748
0.527444
0.527418
0.527398
0.527346
0.527289
0.527339
0.527362
0.527299
0.527314
0.527259
0.527245
0.527215
0.52725
0.527215
0.527262
0.52727
0.527316
0.527286
0.52731
0.527295
0.527272
0.527217
0.527177
0.527248
0.527322
0.527353
0.527407
0.527429
0.527438
0.527453
0.527535
0.527486
0.527579
0.527625
0.527601
0.527604
0.527627
0.527611
0.527633
0.527565
0.527615
0.527588
0.527578
0.527599
0.527586
0.527591
0.527685
0.527668
0.527722
0.527655
0.527622
0.527609
0.527571
0.527614
0.527624
0.527616
0.527674
0.527633
0.527619
0.527605
0.527562
0.527653
0.527662
0.527611
0.527583
0.527638
0.527622
0.527651
0.527687
0.527728
0.527741
0.527734
0.52775
0.527692
0.527725
0.527742
0.527714
0.527735
0.52774
0.527751
0.527752
0.527795
0.527774
0.527775
0.527792
0.527824
0.527902
0.527893
0.527943
0.528003
0.528045
0.527999
0.52801
0.528013
0.528077
0.528076
0.52808
0.528039
0.52808
0.528119
0.528064
0.528084
0.528074
0.528069
0.528072
0.528014
0.528001
0.527985
0.527994
0.528068
0.528146
0.528167
0.528143
0.528157
0.52819
0.528206
0.528194
0.528233
0.528297
0.528241
0.528188
0.528173
0.528173
0.528215
0.528182
0.528196
0.528232
0.528237
0.528215
0.528207
0.528199
0.528335
0.52835
0.528308
0.528273
0.52838
0.528323
0.528422
0.528396
0.528364
0.528406
0.528357
0.528371
0.528387
0.528384
0.528316
0.528334
0.528309
0.528305
0.528326
0.528317
0.528319
0.528376
0.528301
0.528279
0.528281
0.528229
0.528228
0.528216
0.528224
0.528161
0.528142
0.528225
0.528243
0.528238
0.528252
0.52827
0.528247
0.528265
0.528241
0.528264
0.528284
0.528271
0.528313
0.528255
0.528229
0.528199
0.528209
0.528261
0.528218
0.528166
0.5282
0.528176
0.528183
0.528167
0.528237
0.528251
0.52827
0.528179
0.528139
0.528169
0.528155
0.52818
0.528138
0.528118
0.528104
0.528073
0.528051
0.528032
0.528018
0.52804
0.528026
0.52797
0.527996
0.528005
0.528079
0.528116
0.528104
0.528104
0.528072
0.528018
0.527996
0.528032
0.528064
0.528086
0.528025
0.52803
0.528097
0.528072
0.528095
0.528119
0.528041
0.528077
0.528044
0.528055
0.528095
0.528078
0.528105
0.528107
0.528132
0.528197
0.528237
0.528228
0.528253
0.528244
0.528225
0.528182
0.528168
0.528133
0.528144
0.528132
0.528155
0.528127
0.528155
0.528144
0.528127
0.528143
0.528103
0.528064
0.528153
0.52815
0.528128
0.528162
0.528213
0.528202
0.528208
0.528201
0.52824
0.528205
0.528236
0.528219
0.52822
0.528267
0.528267
0.52825
0.528221
0.528236
0.528215
0.528191
0.528212
0.528208
0.528177
0.528242
0.52826
0.528295
0.528238
0.528216
0.528202
0.528213
0.528173
0.528176
0.528186
0.528189
0.528181
0.528219
0.528182
0.528128
0.5281
0.528085
0.528059
0.528046
0.528017
0.528028
0.528031
0.528024
0.528023
0.528024
0.527985
0.52794
0.527977
0.527988
0.528
0.528007
0.527946
0.527932
0.52792
0.527909
0.527908
0.527858
0.52783
0.527802
0.527761
0.527747
0.527769
0.527786
0.527753
0.527724
0.527688
0.527675
0.527623
0.527678
0.52763
0.527628
0.527586
0.527548
0.527512
0.527523
0.527495
0.527495
0.527518
0.527522
0.527534
0.527527
0.52754
0.527532
0.527494
0.527558
0.527569
0.527541
0.527541
0.52752
0.527492
0.52744
0.527449
0.527421
0.527426
0.527396
0.52733
0.527306
0.527248
0.527229
0.527222
0.527205
0.527202
0.527138
0.527148
0.527075
0.527053
0.527025
0.527012
0.527026
0.527085
0.527104
0.527053
0.527108
0.527117
0.527077
0.527106
0.527127
0.527134
0.527134
0.527069
0.52706
0.527071
0.527077
0.527105
0.527124
0.527138
0.527207
0.527172
0.527186
0.527209
0.52723
0.52728
0.527291
0.527341
0.527395
0.527404
0.527415
0.527397
0.527459
0.527484
0.527503
0.52753
0.527527
0.527497
0.527526
0.52756
0.52756
0.527619
0.527654
0.527698
0.527696
0.527749
0.527755
0.527749
0.527776
0.527764
0.527772
0.527781
0.527795
0.527813
0.527808
0.527834
0.527853
0.527849
0.527819
0.527848
0.527835
0.527814
0.527832
0.527893
0.527943
0.527947
0.527912
0.527929
0.527928
0.527944
0.527976
0.527987
0.528025
0.528044
0.528039
0.528023
0.528019
0.52801
0.527991
0.528035
0.527996
0.527993
0.528028
0.528007
0.528023
0.527993
0.528008
0.52802
0.528023
0.528042
0.528081
0.528074
0.528111
0.52813
0.528163
0.528146
0.528175
0.528203
0.528155
0.528166
0.528178
0.528216
0.528236
0.528263
0.528235
0.528252
0.528241
0.528255
0.528211
0.528192
0.52818
0.528165
0.528113
0.528151
0.528114
0.528107
0.52814
0.52822
0.528239
0.528261
0.528261
0.528278
0.528261
0.528255
0.528238
0.528254
0.528263
0.528265
0.528282
0.52828
0.528302
0.528303
0.528286
0.528286
0.528278
0.528342
0.528345
0.528331
0.5283
0.528314
0.528338
0.528355
0.528357
0.528353
0.528405
0.528417
0.528424
0.528429
0.528417
0.528403
0.528392
0.528384
0.52837
0.528364
0.528373
