0
0.05
0.03125
0.0226415
0.0174927
0.0167464
0.0179641
0.015544
0.0134731
0.0119363
0.0108696
0.0103567
0.00987925
0.00946372
0.00910931
0.00969932
0.00925069
0.00892857
0.00856164
0.00825764
0.00870253
0.00848765
0.00819062
0.00864553
0.00837404
0.00816882
0.00792079
0.00763359
0.00804455
0.00841346
0.00816327
0.00795003
0.00774336
0.0080732
0.00840336
0.00871795
0.00852558
0.00884086
0.0096432
0.00942951
0.00920387
0.00898069
0.00879894
0.00905953
0.00931809
0.00916285
0.00900164
0.00886382
0.00869909
0.00860383
0.00846479
0.0086727
0.00926956
0.00910415
0.00895736
0.00917755
0.00938478
0.00924341
0.00914015
0.00903917
0.0091954
0.00907029
0.00890302
0.00876369
0.00863931
0.00856269
0.00847201
0.00867744
0.00855457
0.00845974
0.00835494
0.00849858
0.00896108
0.00936381
0.00921909
0.00910552
0.00901379
0.00889819
0.00954839
0.00941476
0.00930116
0.00944334
0.00936653
0.00972526
0.00986051
0.0100048
0.0101105
0.00998607
0.00988506
0.00977717
0.00966727
0.00981486
0.00971302
0.00982104
0.00973394
0.00966287
0.00976231
0.00986773
0.00977537
0.0100782
0.0101895
0.010099
0.0102082
0.0103134
0.0102101
0.0101069
0.0104207
0.0105022
0.0104325
0.0103422
0.0102459
0.0101701
0.0100733
0.00998548
0.00989743
0.00980392
0.00971388
0.00962885
0.00973236
0.00965517
0.00974359
0.00985054
0.00994941
0.0100469
0.0101396
0.0100362
0.0101373
0.0100715
0.0103259
0.010263
0.0105079
0.0104298
0.0103464
0.010274
0.0102041
0.0101507
0.0100748
0.0101669
0.0102456
0.0101675
0.0102359
0.0101695
0.0102414
0.0101803
0.0101273
0.0100633
0.00999144
0.0100666
0.0100127
0.00995234
0.0100362
0.0101038
0.010183
0.0101287
0.0102069
0.0104012
0.0103481
0.0102831
0.0103531
0.0103025
0.010247
0.0101801
0.010122
0.0101935
0.0102643
0.0102145
0.0104035
0.0103223
0.0103945
0.010344
0.0104051
0.0104835
0.0104167
0.0103633
0.010298
0.0102422
0.0101918
0.0101371
0.0100794
0.0100307
0.0100785
0.0100233
0.00997911
0.0102677
0.0103318
0.0104012
0.010355
0.0104297
0.0103779
0.0103313
0.0102828
0.0103506
0.0102967
0.0103501
0.0104064
0.0104575
0.0105012
0.0105626
0.0105116
0.0104589
0.0103968
0.0103463
0.0102995
0.0103556
0.0104015
0.0103573
0.0103093
0.0103568
0.0104124
0.0106751
0.0106157
0.0105655
0.0105253
0.0104686
0.0104136
0.0103693
0.0103184
0.0102689
0.0103274
0.0103682
0.0103252
0.0102638
0.0102197
0.0101701
0.010123
0.0100782
0.0100451
0.0099944
0.0100428
0.00999445
0.00994384
0.00998809
0.00994435
0.0099127
0.00986336
0.00991438
0.0098832
0.00992401
0.00987896
0.00984392
0.009797
0.00975053
0.00971554
0.0096808
0.00980392
0.00975989
0.00972629
0.00969042
0.0096474
0.00960966
0.00957303
0.00953586
0.00950458
0.00946795
0.00951427
0.00948972
0.00953249
0.00950021
0.00962884
0.00959016
0.00963816
0.00959662
0.00956395
0.00960374
0.00957284
0.00953678
0.00950707
0.00954806
0.00959556
0.00956144
0.00961084
0.0096607
0.00962818
0.00959588
0.00956529
0.00968617
0.00972898
0.00969529
0.00973478
0.00977025
0.00973977
0.00970138
0.00967498
0.00978916
0.00983262
0.00980686
0.00992389
0.0099569
0.00992372
0.00988565
0.00986164
0.00982693
0.00980034
0.00976107
0.00988588
0.0100022
0.0100426
0.0100814
0.0101228
0.0100844
0.0100563
0.0100263
0.0100043
0.00996607
0.00993028
0.00996491
0.0100706
0.0101066
0.0101495
0.0101857
0.0101547
0.0101886
0.0102279
0.0101894
0.0101568
0.0101223
0.0100935
0.0100655
0.0101024
0.0100712
0.0100381
0.0100747
0.0100472
0.0100829
0.0100549
0.0100244
0.00999211
0.0100256
0.00999804
0.00996288
0.00992926
0.00997668
0.00994639
0.00991821
0.00995057
0.00993208
0.00990669
0.00987953
0.00984815
0.00982132
0.0098572
0.00983297
0.00980762
0.00983956
0.0098076
0.00978986
0.00982832
0.00985863
0.00982938
0.00992357
0.00995759
0.00992647
0.00995906
0.0100524
0.010028
0.010003
0.00998306
0.00995295
0.0099272
0.00990099
0.00993298
0.00989863
0.00992925
0.00996087
0.00993319
0.00996756
0.00993592
0.00990389
0.00987207
0.0098548
0.00983759
0.00980847
0.00978406
0.00975356
0.00978699
0.00975946
0.00973933
0.0097104
0.00968882
0.00966129
0.00963937
0.00961647
0.00959476
0.00962404
0.00960135
0.00957072
0.00960357
0.00958431
0.00961432
0.00964256
0.00967065
0.00964506
0.00962437
0.00959851
0.0096806
0.00970503
0.00968391
0.00966026
0.00963621
0.00961331
0.00959207
0.00957195
0.00955089
0.00958244
0.00961076
0.00958824
0.00956226
0.00964698
0.00961945
0.00959612
0.00957744
0.00955682
0.00958718
0.00956613
0.00964949
0.00962539
0.00965732
0.00974245
0.00972531
0.00969822
0.00967227
0.00970325
0.00967692
0.00966208
0.00969141
0.0096702
0.00969937
0.00967824
0.00965475
0.00963236
0.00961296
0.00969362
0.00967273
0.00965145
0.0096317
0.00961012
0.00964119
0.00962254
0.00970345
0.00973128
0.0097585
0.00973882
0.00976735
0.00979624
0.00977708
0.00975372
0.00973189
0.00971109
0.00969509
0.00967305
0.00964692
0.00967276
0.00965279
0.00963105
0.00961217
0.00959427
0.00957371
0.00954507
0.00961447
0.00958949
0.00956464
0.00963844
0.00966637
0.00964374
0.00961853
0.00959791
0.00962209
0.00960423
0.00963231
0.00965849
0.00963267
0.00970784
0.00968423
0.00966427
0.00965101
0.00967904
0.00966096
0.00964425
0.009618
0.00964063
0.00966533
0.00964659
0.0096301
0.00961452
0.00959555
0.00957666
0.00964458
0.00962352
0.00965174
0.00962947
0.00961453
0.00964047
0.00962048
0.00960437
0.00958537
0.0095677
0.00954842
0.00957335
0.00955831
0.0095375
0.00956023
0.00954157
0.0095234
0.00949709
0.00947908
0.00958892
0.00956589
0.00954869
0.00953277
0.00951609
0.00954003
0.0095586
0.00958399
0.00965039
0.00963001
0.00964779
0.00962549
0.00960893
0.00958841
0.00961177
0.00959333
0.00957655
0.00956102
0.00958506
0.0095668
0.00958797
0.0095674
0.00955244
0.00953242
0.00952068
0.0095441
0.00952654
0.00950516
0.00948427
0.00946731
0.0094485
0.00951263
0.0094915
0.00947237
0.00945294
0.00943207
0.00941506
0.00948038
0.00946448
0.00944825
0.00946962
0.00945157
0.00943359
0.00941642
0.00940265
0.00942503
0.00941278
0.00939613
0.00941878
0.00943987
0.00942216
0.00940451
0.00942661
0.00940902
0.00939004
0.0094124
0.00939639
0.00941867
0.00940415
0.00938787
0.00941005
0.00943469
0.00941843
0.00944081
0.00942892
0.00945266
0.00943863
0.0094666
0.00949307
0.00947759
0.0094611
0.00951805
0.00950155
0.00952381
0.00957962
0.00956597
0.00954842
0.00953129
0.00958812
0.00957312
0.00963362
0.00961182
0.00966953
0.00968577
0.00966825
0.00965365
0.0096773
0.00969768
0.0096831
0.0096682
0.00965159
0.00963574
0.00965884
0.00971757
0.00973448
0.00971965
0.00970557
0.00969048
0.00967474
0.00966044
0.00964341
0.00969828
0.00968263
0.00966599
0.00965285
0.00970943
0.00973054
0.00971738
0.00970598
0.00972217
0.00974141
0.00976335
0.0097468
0.00976624
0.00975249
0.00977325
0.00975884
0.00974584
0.00972878
0.00971586
0.00973822
0.0097243
0.00974252
0.0097229
0.00970907
0.00969428
0.00967753
0.00969735
0.00968832
0.00970406
0.00969272
0.0096751
0.00969278
0.00967952
0.00966464
0.00964817
0.00966677
0.00965166
0.00967184
0.00965447
0.00967196
0.00965759
0.00964262
0.00962768
0.00964544
0.00969603
0.0096798
0.00966297
0.00964716
0.00963301
0.00965026
0.00963455
0.00962113
0.00960869
0.00959122
0.00957823
0.00959763
0.00958624
0.00957268
0.0095601
0.00954568
0.00953504
0.00955372
0.00957297
0.00955923
0.00954677
0.00953435
0.00952041
0.00950373
0.0094908
0.00947852
0.00946444
0.00944613
0.00943396
0.00945338
0.00943911
0.00942882
0.00941372
0.00942763
0.00941289
0.00940389
0.00939012
0.00937818
0.00936716
0.00935261
0.0093381
0.00932394
0.00931246
0.00930042
0.00928666
0.0092744
0.0092921
0.0093118
0.00929636
0.00928183
0.00927024
0.00929015
0.00927396
0.009263
0.00924863
0.00923601
0.00922258
0.0092418
0.00922726
0.00921276
0.0091983
0.00921829
0.00920471
0.00919287
0.00917852
0.00916786
0.00918467
0.00917235
0.0091584
0.00917598
0.00916262
0.00918071
0.0091707
0.00918957
0.00917708
0.00919228
0.00918177
0.00916907
0.00921507
0.00923151
0.00924624
0.00923408
0.00922305
0.00924022
0.00925761
0.00924495
0.00926421
0.00925432
0.00927078
0.00925899
0.0092754
0.00926281
0.00924835
0.00923448
0.00928265
0.00930164
0.00932114
0.00931077
0.00929879
0.00932149
0.0093087
0.00929785
0.00928378
0.0092711
0.00926141
0.00925013
0.0092968
0.00928631
0.00930501
0.00929212
0.00928141
0.00929871
0.00934364
0.00933023
0.00934419
0.00933242
0.00934393
0.00933512
0.00935166
0.00936655
0.0093519
0.00934314
0.00933174
0.00932302
0.00930877
0.00929667
0.00933999
0.0093271
0.00931607
0.00930429
0.00929331
0.00928237
0.00929842
0.00928619
0.00930142
0.00929129
0.00927732
0.00926287
0.00925
0.00926568
0.00928158
0.00926797
0.00931068
0.00929706
0.00928426
0.00926945
0.00931063
0.00932708
0.00931634
0.00933071
0.00932
0.00930956
0.00929839
0.00928523
0.00930005
0.00928969
0.00933312
0.00931946
0.00933492
0.00932332
0.00933873
0.00933017
0.00932112
0.00930883
0.00929933
0.0092846
0.00930021
0.00928925
0.00930307
0.00929165
0.0093089
0.00929898
0.00931346
0.00930208
0.00929319
0.00930714
0.00932055
0.00933764
0.00932752
0.00931325
0.00930465
0.00929045
0.00927922
0.00926874
0.00925586
0.00924398
0.00926095
0.00930208
0.00929189
0.00928074
0.0092648
0.00932734
0.00931621
0.00930486
0.00932039
0.00930978
0.00930305
0.00931926
0.00933351
0.00932221
0.0093357
0.00934795
0.00933692
0.00932735
0.00934292
0.00935822
0.00934747
0.00936248
0.00937627
0.00936339
0.00938048
0.00936738
0.00935907
0.0093484
0.00936235
0.00935194
0.00936703
0.00935711
0.00937146
0.00936085
0.00934861
0.00936268
0.00935212
0.00934135
0.00933153
0.00931964
0.0093101
0.00929711
0.009286
0.0093014
0.009317
0.00933257
0.00932054
0.00930947
0.0093021
0.00929244
0.00930634
0.00929464
0.00930966
0.00932326
0.00933546
0.00932698
0.00931624
0.00930597
0.00929482
0.00930858
0.00929994
0.00928906
0.00930572
0.00929667
0.00928627
0.00927455
0.00926263
0.00927698
0.00926822
0.00928164
0.00927088
0.00926015
0.00925123
0.00926617
0.00925748
0.00929216
0.00930523
0.00929364
0.00928318
0.00927165
0.0092628
0.00929944
0.00928793
0.00927953
0.00927092
0.00926124
0.00925157
0.009288
0.0093228
0.0093798
0.00936851
0.00936188
0.00935262
0.00936845
0.00938205
0.00937104
0.00936158
0.00942004
0.00943109
0.00946483
0.00947624
0.00946586
0.00945549
0.00944625
0.00943484
0.00944798
0.00943702
0.00945079
0.0094416
0.00943091
0.00944355
0.00943483
0.00942483
0.00943613
0.00944936
0.00946539
0.00952621
0.00951769
0.00950745
0.00950048
0.00951401
0.00950596
0.0094962
0.00950752
0.00949843
0.00951059
0.00952468
0.00951494
0.0095076
0.00949726
0.00948908
0.00948178
0.00947107
0.00945888
0.00945013
0.00948198
0.00947387
0.00946493
0.00945791
0.00944624
0.00943692
0.00943037
0.00942003
0.00943038
0.00941901
0.00940872
0.00939594
0.00938445
0.00939582
0.00938498
0.00941933
0.00940932
0.00940245
0.00941291
0.00942834
0.00944312
0.00943313
0.00944539
0.00945886
0.00944951
0.0094408
0.00943107
0.00942321
0.00941187
0.00942447
