0
0.00558659
0.00895522
0.00616016
0.00601504
0.00476758
0.0039801
0.00339271
0.00298063
0.00332889
0.00482218
0.00460829
0.00492072
0.00471451
0.00497018
0.00473934
0.00456204
0.0048014
0.00460251
0.00482509
0.00463858
0.00484713
0.00506146
0.00489853
0.00508647
0.00493097
0.00478469
0.00525665
0.00570742
0.00557021
0.00543168
0.00529101
0.00545108
0.00531915
0.00545171
0.00532184
0.005455
0.00533592
0.00522317
0.00534635
0.00525714
0.00514772
0.00504386
0.0049473
0.00485334
0.00476388
0.00528993
0.00538815
0.00529412
0.00557478
0.00549242
0.00538533
0.00565693
0.00574094
0.00564772
0.00572122
0.00562181
0.00552671
0.00544914
0.0053528
0.00527409
0.00520013
0.00512741
0.0050451
0.00498791
0.00491803
0.00499926
0.00493111
0.004862
0.00521053
0.00528365
0.00548847
0.00541199
0.00535045
0.00542185
0.00535528
0.00527874
0.00547422
0.00540812
0.00547945
0.00555007
0.00549048
0.00542888
0.00536929
0.00531538
0.00537509
0.00532099
0.00526256
0.0054354
0.00549635
0.00543418
0.00538107
0.00554167
0.00548859
0.00564671
0.00558954
0.00553525
0.00548427
0.00542977
0.00547334
0.00542169
0.00536673
0.0053202
0.00527138
0.00522598
0.00527072
0.00522466
0.00517988
0.00513299
0.00508694
0.00503663
0.00517148
0.00512636
0.0051675
0.00512367
0.00516909
0.0051349
0.00509499
0.00505527
0.00510551
0.00515377
0.00511445
0.00515979
0.00512185
0.00508155
0.00512528
0.00508434
0.00521084
0.00517557
0.00513956
0.00509764
0.00506507
0.00503408
0.00500154
0.00495956
0.00492424
0.0048909
0.00493347
0.00490123
0.00486869
0.00483871
0.00480105
0.00477258
0.00481495
0.00478503
0.00475144
0.00471765
0.00468564
0.00465536
0.00462547
0.00459628
0.0045659
0.00453837
0.00450844
0.00454758
0.00452128
0.00449052
0.00446517
0.00444183
0.00454457
0.0045839
0.00462072
0.00459242
0.00463316
0.00467054
0.00464357
0.00468136
0.00465578
0.00475455
0.00472741
0.00470258
0.00467715
0.0047688
0.00474731
0.00472658
0.00475936
0.00479574
0.00476667
0.0047374
0.00471286
0.00469184
0.00466509
0.00469833
0.0046729
0.00465037
0.00462363
0.00460312
0.00458177
0.00455986
0.00454092
0.0045189
0.00449586
0.00447183
0.00450206
0.00448092
0.00451079
0.00448934
0.0044688
0.00444515
0.00447604
0.00445423
0.00443239
0.00441283
0.00439322
0.00442387
0.00450335
0.00448088
0.0044575
0.0044337
0.00451581
0.00449595
0.00452444
0.00450919
0.00448674
0.00451334
0.00449328
0.0044734
0.00445305
0.00448106
0.0044645
0.00444487
0.00442752
0.0044032
0.00442874
0.00455121
0.00457923
0.0045609
0.00463478
0.00461617
0.00459686
0.00458484
0.00456413
0.00454277
0.0045255
0.00450979
0.00453281
0.00451417
0.00453878
0.00451787
0.00449835
0.00447958
0.00446038
0.00448509
0.00446293
0.0044479
0.0044737
0.00445358
0.00443856
0.00442252
0.00440379
0.00438893
0.00445528
0.00444165
0.00442386
0.00440803
0.00439178
0.00437474
0.00435622
0.0043804
0.00444209
0.00442262
0.00444768
0.00442977
0.0044143
0.00443858
0.00442125
0.00440406
0.00439013
0.0043749
0.00436047
0.00434561
0.00433103
0.00431621
0.00433991
0.00432483
0.00435017
0.00433715
0.0043242
0.00430673
0.00433048
0.00431606
0.00430205
0.00432558
0.00431002
0.00429505
0.00431564
0.00430076
0.00428788
0.00427555
0.00426126
0.00424815
0.00423172
0.00421803
0.00420366
0.00426193
0.00424644
0.00423258
0.00421639
0.00420557
0.00419377
0.00417995
0.00423609
0.00422238
0.00420875
0.00423284
0.00421912
0.0043102
0.00429839
0.00428384
0.00427115
0.00425751
0.00427731
0.00436443
0.00435152
0.00437303
0.00436135
0.00434739
0.00436784
0.00438538
0.0043722
0.0043594
0.0043461
0.00433215
0.00431787
0.00430539
0.00429156
0.00428049
0.00433211
0.00431986
0.00430504
0.00429365
0.00428093
0.00426816
0.00425641
0.00424283
0.00426371
0.0042849
0.0042731
0.00429212
0.00431021
0.00432996
0.00434878
0.00436804
0.00438569
0.00437114
0.0043903
0.00437596
0.00439432
0.0043814
0.00439641
0.00438276
0.00437039
0.00435994
0.00437815
0.00436431
0.00435292
0.00434379
0.00433276
0.00435379
0.00434291
0.0043317
0.00431914
0.00430488
0.0042945
0.00428303
0.00427038
0.00428897
0.00430771
0.00432574
0.00431409
0.00430226
0.00429185
0.00428149
0.00427044
0.00425872
0.00424731
0.00423693
0.00422276
0.00421309
0.00420133
0.0042187
0.00423646
0.00422638
0.00421529
0.00420531
0.00419479
0.00418364
0.00417185
0.00418779
0.00417812
0.00416792
0.00415812
0.00417371
0.00416349
0.00415298
0.00414152
0.00418455
0.00417374
0.00416074
0.00417626
0.00419192
0.0042084
0.00419789
0.00418898
0.00425734
0.00429943
0.00431568
0.00430627
0.00432356
0.00436487
0.00435451
0.00434568
0.00433473
0.00432553
0.00436738
0.00435702
0.00434682
0.00433723
0.00432923
0.0043196
0.00431056
0.00432768
0.00431812
0.00435818
0.00434915
0.00436604
0.0043556
0.00436977
0.00436134
0.00435326
0.00434283
0.00435659
0.00434577
0.00433673
0.00432708
0.00431704
0.00430706
0.0042968
0.00428753
0.00427883
0.00426965
0.00428526
0.00427714
0.00426884
0.00425975
0.0042509
0.00424025
0.00423016
0.00424501
0.00423577
0.00422788
0.00421941
0.00421068
0.00425007
0.00424
0.0042524
0.00426716
0.00428235
0.0042723
0.00426349
0.00425343
0.00426852
0.00425839
0.00431945
0.00430975
0.00436974
0.00435946
0.00435013
0.00434104
0.004354
0.00434554
0.004338
0.00432969
0.00432093
0.00433323
0.00436948
0.00440558
0.00439635
0.00438508
0.00437524
0.00438704
0.00437832
0.00436827
0.00438109
0.00441682
0.0044086
0.00439973
0.00439119
0.00438201
0.00437276
0.00436356
0.00435477
0.00434526
0.0043572
0.00439264
0.0044051
0.00439641
0.004389
0.00440243
0.00439437
0.00438615
0.00437768
0.00441312
0.00440425
0.00439448
0.00438718
0.00437841
0.00439267
0.00438309
0.00439598
0.00438883
0.00438033
0.00437379
0.00436434
0.00435693
0.00434855
0.00433975
0.00435335
0.00436681
0.0043988
0.00439078
0.00438297
0.0043961
0.00438822
0.00437938
0.00437129
0.00438228
0.00437413
0.00438561
0.00441928
0.00442972
0.00442029
0.00441385
0.0044263
0.00441799
0.00440937
0.00442113
0.00445318
0.00446554
0.00447821
0.00449075
0.00448154
0.00447192
0.00446491
0.00447649
0.00446826
0.00448006
0.00447185
0.00446429
0.00447533
0.00446822
0.00445966
0.00447108
0.00446307
0.00445517
0.00444729
0.00443884
0.0044318
0.00444376
0.0044549
0.0044459
0.00443796
0.00442979
0.00442131
0.00441311
0.0044436
0.00443624
0.00442789
0.00441932
0.00441221
0.00440479
0.00441468
0.0044452
0.00445514
0.00444811
0.00443962
0.00444993
0.00449828
0.00449082
0.00450115
0.00451119
0.004504
0.00449642
0.00449002
0.00448249
0.00447539
0.00446724
0.00445872
0.00445357
0.00446331
0.00445581
0.00444882
0.0044421
0.0044526
0.00444485
0.00443688
0.0044299
0.00442254
0.00441569
0.00440965
0.00440196
0.0043958
0.00440686
0.00440024
0.00439262
0.00438557
0.00437894
0.00437116
0.00436395
0.00437431
0.00436674
0.00437652
0.00438635
0.00437856
0.00440637
0.00441594
0.00440899
0.00440252
0.00441366
0.00440713
0.00441716
0.00442701
0.00441872
0.00441276
0.00440483
0.00439883
0.0043914
0.00438529
0.00437851
0.0043713
0.00439955
0.00439361
0.00438656
0.00441422
0.00440806
0.00441816
0.00442913
0.00442208
0.00441512
0.00440737
0.00440202
0.00441241
0.0044221
0.00443184
0.00442589
0.00441922
0.0044128
0.00440448
0.00439758
0.00440792
0.0044189
0.00441223
0.00440521
0.00439873
0.00439248
0.00440202
0.004396
0.00438935
0.00438301
0.0043764
0.00438546
0.00437916
0.00437344
0.00436688
0.00436035
0.00435341
0.0043474
0.00434135
0.00433524
0.00432838
0.0043216
0.00431513
0.00430917
0.00430384
0.00429756
0.00430683
0.00431751
0.004312
0.00430636
0.00429936
0.00429287
0.00431863
0.00431137
0.0043055
0.00429951
0.00429279
0.0043024
0.00429617
0.00429036
0.00429946
0.00429319
0.00430272
0.00431196
0.0043053
0.00429873
0.00429178
0.00428638
0.00427973
0.00427562
0.00428474
0.00427978
0.00427304
0.00426686
0.00426082
0.00425525
0.0042499
0.00424437
0.00425389
0.00424862
0.00424356
0.00423761
0.00424729
0.00424199
0.00425086
0.00424474
0.00423908
0.00423319
0.00422737
0.00422195
0.00426051
0.00425468
0.00424944
0.00424307
0.00423665
0.00424647
0.0042407
0.00423565
0.0042299
0.00422481
0.00421928
0.00422861
0.00422316
0.00423183
0.00422633
0.00422103
0.00422954
0.00423885
0.00423293
0.00422678
0.00422145
0.00421614
0.00420991
0.00420499
0.00419905
0.00420749
0.00420235
0.0042115
0.00422045
0.00423004
0.00422393
0.0042188
0.00421387
0.00420871
0.0042038
0.00421261
0.00420717
0.00420162
0.00421047
0.0042185
0.00421417
0.00420917
0.00420366
0.00419839
0.00419409
0.0041885
0.00418291
0.00419281
0.00418759
0.00418274
0.00417808
0.00417236
0.0041811
0.00418863
0.00418363
0.00417771
0.00417238
0.00416801
0.00416242
0.00417126
0.0041795
0.00417473
0.00418375
0.00417876
0.00417319
0.004194
0.00418896
0.00419623
0.00419102
0.00418514
0.00418013
0.00418806
0.0041829
0.00419023
0.00419886
0.00419525
0.0041909
0.00418473
0.00417988
0.00417466
0.00416972
0.00417831
0.00417327
0.00419508
0.00419004
0.00418444
0.00417885
0.00418624
0.00418089
0.00417506
0.00418303
0.00419032
0.00419786
0.0041931
0.00420084
0.00420918
0.0042052
0.00419961
0.00419504
0.00421611
0.00422382
0.00421913
0.0042271
0.00422203
0.00422953
0.00423746
0.00424503
0.00423957
0.00423484
0.0042425
0.00423823
0.00424509
0.00425421
0.00426247
0.00425693
0.00425228
0.00426063
0.00429402
0.00428873
0.00428429
0.00429229
0.00431307
0.00430834
0.00430196
0.00429643
0.00429185
0.00429906
0.00429377
0.00428822
0.00430814
0.00430292
0.00429798
0.00430568
0.00431375
0.00430958
0.0043046
0.00433812
0.00435879
0.00435393
0.0043492
0.00435744
0.00437717
0.00438464
0.00437984
0.00437565
0.00438305
0.00437771
0.00437256
0.00436774
0.00436261
0.00435776
0.00435216
0.00434701
0.00436698
0.00436204
0.0043699
0.00436481
0.00436043
0.00436816
0.0043626
0.00435851
0.0043533
0.00434868
0.00434349
0.00433906
0.00433448
0.00436649
0.00437371
0.00438081
0.00437664
0.00437182
0.00436692
0.00436101
0.00435666
0.00436304
0.00435934
0.00435415
0.00434999
0.00435719
0.00435272
0.00434746
0.00435428
0.00436076
0.00435567
0.00435044
0.00435827
0.00435393
0.00434861
0.00434424
0.00435167
0.00434731
0.00434228
0.00433731
0.00433261
0.00432746
0.00432186
0.00431714
0.00432449
0.00432101
0.00432839
0.00432363
0.00431889
0.0043139
0.00432177
0.00431683
0.00432407
0.00434282
0.00433804
0.00433281
0.00433959
0.00433421
0.00434128
0.00434889
0.00434408
0.00435157
0.00434646
0.00435373
0.00434944
0.00435669
0.00435155
0.00435894
0.0043654
0.00437119
0.00437813
0.00438536
0.00438062
0.00437599
0.00438284
0.00437787
0.00437256
0.00437955
0.00437549
0.00437
0.00437722
0.00437303
0.0043688
0.00436403
0.00435888
0.00437721
0.0043729
0.00440165
0.00439712
0.00440364
0.00442104
0.00441675
0.00441173
0.00441767
0.00441241
0.004408
0.00442562
0.00442057
0.00444892
0.0044443
0.00444082
0.00444791
0.00446613
0.00446131
0.00446875
0.00448625
0.00449351
0.00450031
0.00449538
0.0044911
0.00449773
0.0045047
0.00450073
0.00451865
0.00452484
0.00453116
0.00452683
0.0045225
0.00451863
0.00451413
0.00450899
0.00451529
0.00452192
0.00451812
0.00451398
0.0045205
0.00451656
0.00451082
0.00450739
