0
0.948827
0.732087
0.671333
0.63918
0.627396
0.617107
0.607584
0.600856
0.599866
0.596982
0.596227
0.596646
0.596226
0.594984
0.594552
0.591748
0.592241
0.59023
0.588849
0.588639
0.589051
0.589104
0.585907
0.584317
0.583398
0.583449
0.582267
0.582928
0.581531
0.580549
0.581243
0.579956
0.580289
0.579896
0.578675
0.579358
0.579481
0.579795
0.580841
0.580341
0.579736
0.580386
0.58019
0.581278
0.580783
0.579449
0.580335
0.579221
0.579881
0.579033
0.578866
0.579242
0.5789
0.578601
0.578412
0.578236
0.577584
0.577623
0.577386
0.577643
0.576997
0.576167
0.575494
0.575842
0.575517
0.575489
0.574703
0.574171
0.573872
0.573908
0.574423
0.574237
0.573922
0.5741
0.57336
0.573177
0.572911
0.57247
0.572333
0.573158
0.573554
0.573913
0.573784
0.573163
0.572964
0.57287
0.572942
0.572839
0.572916
0.572656
0.572829
0.572502
0.572342
0.572598
0.57287
0.572636
0.572233
0.572186
0.572335
0.571974
0.571716
0.572221
0.572463
0.572403
0.573209
0.573408
0.572901
0.573189
0.573058
0.573147
0.572974
0.572596
0.572794
0.572975
0.572505
0.572369
0.57245
0.572504
0.571894
0.571862
0.571891
0.571972
0.571996
0.572233
0.572047
0.572284
0.572627
0.572279
0.571902
0.571876
0.571945
0.571646
0.571959
0.571967
0.572245
0.572224
0.572312
0.572184
0.571916
0.571644
0.571569
0.571659
0.571467
0.571435
0.571682
0.571622
0.571223
0.571576
0.571379
0.571031
0.570876
0.570713
0.570841
0.570628
0.570418
0.570402
0.570406
0.570481
0.570073
0.570106
0.570071
0.570044
0.570159
0.569967
0.569813
0.569925
0.569748
0.569652
0.569757
0.569904
0.569942
0.569959
0.569941
0.569934
0.570237
0.57
0.569813
0.569819
0.569845
0.569774
0.56965
0.569769
0.569917
0.569965
0.570303
0.570428
0.570419
0.57052
0.570713
0.57089
0.570775
0.57094
0.57139
0.571457
0.571413
0.571344
0.571084
0.570774
0.570863
0.570978
0.570921
0.571102
0.571374
0.571362
0.571252
0.571089
0.571051
0.571077
0.570963
0.57092
0.570939
0.57075
0.570599
0.570464
0.570565
0.570536
0.570623
0.570492
0.570598
0.570909
0.571085
0.571185
0.571336
0.571203
0.571062
0.571037
0.57087
0.570816
0.570879
0.570831
0.570864
0.571001
0.570854
0.570904
0.571173
0.571409
0.57136
0.571107
0.570861
0.570933
0.570939
0.570801
0.570572
0.570534
0.570674
0.570572
0.570569
0.570701
0.570741
0.570845
0.570823
0.570682
0.570527
0.570362
0.57038
0.570478
0.570574
0.57057
0.570545
0.570586
0.570486
0.570374
0.570482
0.57047
0.570481
0.570276
0.570299
0.570368
0.57011
0.570401
0.570405
0.57039
0.57029
0.570299
0.570364
0.570407
0.570156
0.570251
0.570126
0.570299
0.570124
0.569893
0.569726
0.569642
0.569668
0.569681
0.569586
0.569663
0.569841
0.570073
0.569848
0.569949
0.56986
0.569869
0.569819
0.569688
0.569747
0.569811
0.569845
0.569772
0.569904
0.569731
0.569762
0.56977
0.569761
0.56952
0.569431
0.56922
0.56905
0.569199
0.569039
0.569187
0.569272
0.569121
0.569411
0.569263
0.569312
0.56927
0.56933
0.569255
0.569083
0.569055
0.569
0.569001
0.568987
0.569176
0.569021
0.568923
0.568966
0.568977
0.569122
0.569097
0.569112
0.569078
0.568999
0.568968
0.568991
0.569022
0.568842
0.568731
0.568933
0.568936
0.5689
0.568893
0.568765
0.568701
0.568667
0.568447
0.568486
0.568522
0.568447
0.568382
0.568334
0.568347
0.568188
0.568148
0.568159
0.568165
0.568089
0.56801
0.568028
0.568183
0.568151
0.568302
0.568323
0.568195
0.568065
0.568101
0.568188
0.567984
0.567961
0.568085
0.568062
0.568009
0.568138
0.568022
0.567807
0.567852
0.567883
0.567948
0.567847
0.567786
0.567835
0.56794
0.567835
0.567814
0.567989
0.567945
0.56795
0.567924
0.567688
0.567803
0.567862
0.567795
0.567706
0.567901
0.567905
0.567862
0.567815
0.567676
0.567648
0.567663
0.567624
0.56765
0.567616
0.567615
0.567539
0.567436
0.567417
0.56737
0.567356
0.567426
0.567423
0.567469
0.567435
0.567452
0.56728
0.5673
0.567297
0.567332
0.567401
0.567354
0.567315
0.567433
0.567558
0.567563
0.567486
0.567468
0.567525
0.567485
0.56749
0.567458
0.567419
0.567364
0.56755
0.567465
0.567586
0.567629
0.567694
0.567564
0.56761
0.567655
0.56765
0.567625
0.567724
0.567704
0.567714
0.567622
0.567589
0.567497
0.567418
0.567346
0.5674
0.567454
0.567549
0.567517
0.567493
0.567525
0.567504
0.567547
0.567456
0.567433
0.567461
0.567427
0.567281
0.567317
0.567243
0.567247
0.567272
0.567284
0.56727
0.567325
0.567349
0.567263
0.567246
0.567237
0.567209
0.567106
0.567168
0.567243
0.56715
0.567122
0.567152
0.567177
0.567216
0.567113
0.567093
0.567106
0.567103
0.567099
0.567113
0.567135
0.567163
0.567286
0.567313
0.567409
0.567517
0.567508
0.567435
0.567425
0.567443
0.567503
0.567504
0.567465
0.567533
0.56761
0.567657
0.567747
0.567775
0.567835
0.567801
0.567725
0.567811
0.567658
0.567664
0.567596
0.567559
0.567539
0.56754
0.567466
0.567351
0.567331
0.567371
0.567411
0.567439
0.56735
0.567388
0.567258
0.56723
0.567231
0.567106
0.56701
0.56697
0.566923
0.566909
0.566918
0.566945
0.566958
0.566985
0.566919
0.566921
0.566881
0.566878
0.566872
0.566798
0.566801
0.566757
0.566767
0.566687
0.56668
0.566668
0.566613
0.566586
0.566598
0.566568
0.566569
0.566528
0.566472
0.56641
0.566372
0.566235
0.566281
0.566376
0.566294
0.5663
0.566404
0.566395
0.566388
0.566278
0.566273
0.566191
0.566271
0.56638
0.566311
0.5663
0.566316
0.566285
0.566348
0.566357
0.566413
0.566473
0.566474
0.56641
0.566472
0.566516
0.566474
0.56651
0.566535
0.566501
0.566457
0.56642
0.566467
0.566438
0.566414
0.566384
0.56644
0.566481
0.5665
0.566544
0.566505
0.566675
0.566658
0.566639
0.566663
0.566672
0.56673
0.566762
0.566748
0.56684
0.566877
0.566943
0.56688
0.566944
0.56691
0.566811
0.566686
0.566753
0.566726
0.566759
0.56674
0.566771
0.566765
0.566816
0.566891
0.566807
0.566901
0.566931
0.566965
0.566979
0.566944
0.566979
0.566967
0.567043
0.567031
0.567018
0.567082
0.567138
0.567019
0.567018
0.567032
0.567037
0.567045
0.567096
0.567125
0.567083
0.567015
0.567012
0.566999
0.566967
0.566956
0.566992
0.567027
0.567063
0.567099
0.566987
0.566971
0.567008
0.566995
0.567044
0.567033
0.566976
0.567055
0.567138
0.567203
0.567205
0.567157
0.567131
0.567115
0.567112
0.567061
0.567126
0.567142
0.567216
0.567253
0.567266
0.567246
0.567158
0.567118
0.567088
0.567139
0.567096
0.567013
0.567029
0.566998
0.567033
0.567002
0.567035
0.567092
0.567084
0.567109
0.567137
0.567058
0.567011
0.567059
0.567139
0.567169
0.567067
0.567115
0.567188
0.567212
0.567146
0.567111
0.567051
0.56705
0.567099
0.567098
0.567102
0.567042
0.567075
0.567103
0.567135
0.567177
0.56715
0.567191
0.567196
0.56713
0.567195
0.567248
0.567226
0.567119
0.567102
0.567124
0.567162
0.567156
0.567178
0.567173
0.567184
0.567147
0.567207
0.567186
0.56725
0.567231
0.567181
0.567162
0.567107
0.567131
0.567044
0.567074
0.566999
0.567035
0.56704
0.567054
0.567136
0.567112
0.567096
0.567019
0.566926
0.566855
0.566904
0.566986
0.56695
0.566974
0.566991
0.566954
0.567025
0.567064
0.566994
0.566982
0.566928
0.566909
0.566923
0.566953
0.566983
0.56704
0.56712
0.567121
0.567115
0.567158
0.567175
0.567179
0.567109
0.567105
0.567122
0.567146
0.56719
0.567178
0.567135
0.567161
0.567216
0.567286
0.567306
0.567257
0.567268
0.567273
0.567217
0.567242
0.567193
0.567256
0.56722
0.567222
0.567259
0.567205
0.567167
0.567119
0.567161
0.567138
0.567158
0.56716
0.567212
0.567204
0.567152
0.567106
0.567126
0.567112
0.567117
0.567145
0.567105
0.567084
0.567028
0.566966
0.566958
0.566975
0.567008
0.567061
0.56704
0.567041
0.567036
0.567106
0.567096
0.567036
0.566977
0.566996
0.567002
0.566991
0.566962
0.566973
0.566925
0.566904
0.566935
0.566942
0.566905
0.566915
0.566935
0.566932
0.566902
0.566879
0.566892
0.566878
0.566894
0.566913
0.566929
0.566924
0.566915
0.566865
0.566977
0.566996
0.566983
0.566989
0.566981
0.56686
0.566897
0.566897
0.566852
0.566897
0.56687
0.56689
0.566873
0.566838
0.566791
0.566762
0.566738
0.566692
0.566664
0.566695
0.566676
0.566657
0.566665
0.566619
0.566589
0.566552
0.566551
0.566508
0.566593
0.56656
0.566568
0.566551
0.56655
0.566498
0.566555
0.566535
0.566534
0.566587
0.566535
0.566557
0.566507
0.566522
0.566544
0.566486
0.56647
0.566479
0.566505
0.566481
0.566566
0.566526
0.566514
0.566484
0.566493
0.566531
0.566543
0.566527
0.566571
0.56659
0.566543
0.566445
0.566442
0.566428
0.56648
0.566533
0.566531
0.566537
0.566506
0.566509
0.566523
0.566539
0.566542
0.566516
0.566492
0.566442
0.566411
0.566439
0.566452
0.566472
0.566468
0.566508
0.566458
0.566442
0.566435
0.566482
0.566468
0.56645
0.566478
0.566467
0.566427
0.566397
0.566376
0.566434
0.566424
0.566423
0.566376
0.566325
0.566339
0.56629
0.566273
0.566258
0.566237
0.566173
0.566112
0.566128
0.56615
0.566138
0.566121
0.566109
0.566045
0.566022
0.565993
0.566066
0.566099
0.566033
0.565941
0.565911
0.565918
0.565989
0.565979
0.566026
0.566044
0.566074
0.566011
0.566032
0.566031
0.566023
0.566019
0.566038
0.566036
0.566039
0.566038
0.566033
0.566035
0.566032
0.566006
0.565998
0.565947
0.565938
0.565994
0.565962
0.566011
0.566011
0.566043
0.566076
0.566097
0.566148
0.566081
0.566076
0.566077
0.566034
0.566088
0.566035
0.566104
0.566091
0.566044
0.566072
