0
0.945652
0.702087
0.617414
0.592666
0.576527
0.565876
0.549859
0.537661
0.529438
0.527403
0.525047
0.520578
0.516873
0.514474
0.517688
0.520315
0.519393
0.517492
0.513097
0.513316
0.513913
0.513612
0.515152
0.515131
0.515994
0.514414
0.512996
0.514395
0.513011
0.511668
0.511398
0.51046
0.508532
0.509555
0.506859
0.506377
0.507762
0.508383
0.506968
0.506659
0.505718
0.505379
0.503918
0.504195
0.504746
0.503106
0.502919
0.501825
0.500767
0.500314
0.500185
0.50085
0.500956
0.501059
0.501274
0.502848
0.502635
0.503038
0.503755
0.503054
0.502427
0.502238
0.50195
0.502727
0.502692
0.502358
0.502768
0.503356
0.503028
0.504299
0.504524
0.505053
0.504812
0.5052
0.504612
0.504638
0.505102
0.50559
0.505735
0.50562
0.505271
0.504694
0.504727
0.5044
0.504272
0.504577
0.505913
0.505814
0.505675
0.506142
0.50612
0.50624
0.505347
0.506118
0.506588
0.506563
0.507088
0.507738
0.507594
0.507937
0.508261
0.508453
0.50871
0.50847
0.508752
0.509001
0.509056
0.50895
0.508939
0.509089
0.508407
0.508744
0.508311
0.508357
0.507961
0.507888
0.507912
0.507504
0.507912
0.50779
0.50742
0.507788
0.507592
0.507752
0.507383
0.507901
0.507974
0.508328
0.508647
0.508377
0.508324
0.507816
0.50758
0.50753
0.507145
0.507377
0.507122
0.506889
0.506945
0.507251
0.507103
0.506935
0.507291
0.50708
0.50718
0.507154
0.506962
0.507174
0.507176
0.507295
0.507339
0.507477
0.507589
0.507084
0.507082
0.507105
0.507552
0.506733
0.507085
0.507246
0.507224
0.50738
0.506935
0.506707
0.506684
0.50673
0.506584
0.506671
0.506816
0.506985
0.506804
0.506726
0.506951
0.506809
0.507234
0.507039
0.507301
0.506848
0.506736
0.506918
0.506843
0.506886
0.506986
0.507062
0.50676
0.506345
0.506294
0.505982
0.505614
0.505921
0.506077
0.506188
0.506287
0.506164
0.506262
0.506248
0.506587
0.506359
0.506473
0.506175
0.506353
0.506863
0.506881
0.506974
0.506804
0.507097
0.507115
0.507007
0.507215
0.507435
0.5074
0.507232
0.507067
0.506937
0.507249
0.50733
0.507498
0.507339
0.506691
0.506646
0.506863
0.50685
0.506857
0.507019
0.50707
0.507322
0.507263
0.507013
0.50689
0.506832
0.506467
0.506487
0.50637
0.50645
0.506488
0.506477
0.506664
0.506608
0.506865
0.506914
0.506915
0.506992
0.506965
0.506821
0.50672
0.506826
0.506715
0.506989
0.507036
0.50698
0.506884
0.5067
0.506845
0.506945
0.507228
0.507129
0.506907
0.506882
0.506912
0.506899
0.506724
0.506683
0.506699
0.506715
0.506702
0.50685
0.506612
0.506867
0.506988
0.507029
0.50724
0.507372
0.50708
0.506862
0.506774
0.506695
0.506762
0.506663
0.506601
0.506642
0.506505
0.506356
0.506437
0.5065
0.506717
0.506743
0.506633
0.506672
0.506737
0.506665
0.50673
0.506743
0.506647
0.506576
0.506636
0.506709
0.506508
0.506538
0.506442
0.506361
0.506424
0.506534
0.506456
0.5064
0.506026
0.506065
0.506221
0.506399
0.506494
0.506279
0.506213
0.506352
0.50638
0.506333
0.506542
0.506794
0.506909
0.50699
0.50698
0.506779
0.506925
0.506979
0.506989
0.506837
0.506796
0.506918
0.507008
0.506899
0.50679
0.506869
0.506764
0.506712
0.506865
0.506759
0.506899
0.506846
0.506846
0.506858
0.506785
0.506564
0.506649
0.506619
0.506641
0.50655
0.506571
0.506595
0.506588
0.506811
0.50678
0.506751
0.506607
0.506617
0.506488
0.506581
0.506482
0.506504
0.506565
0.506475
0.506287
0.50622
0.506202
0.506127
0.50618
0.506155
0.506318
0.506358
0.506184
0.50611
0.506164
0.506312
0.506643
0.506539
0.506543
0.506429
0.506277
0.50623
0.506368
0.506273
0.50624
0.506184
0.50614
0.506161
0.506062
0.505981
0.505983
0.506005
0.506
0.50617
0.506145
0.506268
0.50628
0.50607
0.505826
0.505641
0.505591
0.505824
0.505756
0.505761
0.505929
0.505923
0.505829
0.505743
0.505747
0.505608
0.505513
0.505518
0.505211
0.505197
0.505483
0.505645
0.505552
0.505565
0.505621
0.505643
0.505873
0.505867
0.505635
0.505535
0.505763
0.50586
0.505926
0.505964
0.505993
0.506149
0.506246
0.506196
0.505894
0.505855
0.505783
0.505704
0.505816
0.505743
0.505555
0.505608
0.505703
0.505598
0.505568
0.505524
0.505415
0.505394
0.505512
0.505498
0.505501
0.505568
0.505805
0.505808
0.505869
0.505984
0.505964
0.505927
0.506074
0.50606
0.5063
0.506253
0.506341
0.506516
0.506504
0.506553
0.506673
0.506751
0.506645
0.506685
0.506819
0.506695
0.506558
0.506638
0.506571
0.506711
0.506611
0.506772
0.506859
0.506805
0.506676
0.506699
0.506752
0.506838
0.506703
0.506728
0.506843
0.506919
0.506973
0.506899
0.506792
0.506904
0.506861
0.506959
0.507056
0.506923
0.506872
0.506835
0.506772
0.506551
0.50653
0.506466
0.506278
0.506305
0.506322
0.506302
0.506361
0.506406
0.506294
0.506252
0.506335
0.50625
0.506458
0.506431
0.506485
0.506394
0.506466
0.506347
0.506353
0.506131
0.506191
0.506136
0.506166
0.506285
0.506358
0.506381
0.506388
0.506494
0.506454
0.506526
0.506612
0.506649
0.506607
0.506567
0.506569
0.506509
0.506572
0.506485
0.506386
0.506349
0.506399
0.506396
0.506492
0.506501
0.506447
0.506273
0.506363
0.506225
0.506235
0.50619
0.506079
0.506055
0.50605
0.506052
0.506062
0.505998
0.506
0.506061
0.505945
0.505929
0.505978
0.505962
0.505959
0.506033
0.506165
0.506116
0.506055
0.506013
0.505989
0.506037
0.506003
0.505851
0.505878
0.505771
0.505768
0.5057
0.505773
0.505845
0.505861
0.50578
0.505858
0.505861
0.505903
0.505973
0.505818
0.50581
0.505761
0.505827
0.505779
0.505793
0.505852
0.505953
0.505936
0.505939
0.505886
0.505851
0.505865
0.505758
0.505701
0.505777
0.505641
0.505657
0.505619
0.505585
0.505557
0.505469
0.505526
0.505426
0.505362
0.505232
0.505219
0.505191
0.505315
0.505353
0.505333
0.505151
0.505208
0.505254
0.50525
0.505248
0.505336
0.50529
0.505265
0.505322
0.505313
0.50534
0.50526
0.505298
0.505249
0.505194
0.505279
0.505276
0.505199
0.505295
0.505246
0.505192
0.505219
0.505233
0.505145
0.50524
0.505232
0.505189
0.504992
0.505013
0.504999
0.505001
0.505169
0.5052
0.505227
0.505231
0.505245
0.505326
0.505357
0.505534
0.505688
0.505813
0.505827
0.505735
0.505755
0.505623
0.50557
0.505606
0.505626
0.505728
0.505714
0.50565
0.505635
0.505594
0.50558
0.505544
0.505585
0.505644
0.505691
0.505503
0.50555
0.505481
0.505571
0.50553
0.505587
0.505697
0.505624
0.505744
0.505816
0.50585
0.505779
0.505717
0.505735
0.505743
0.505709
0.505669
0.505766
0.505714
0.505712
0.505635
0.505611
0.505693
0.505629
0.505683
0.505653
0.505641
0.505555
0.50541
0.505496
0.505493
0.505449
0.505394
0.505455
0.505385
0.505414
0.505282
0.505274
0.505251
0.50525
0.505134
0.505122
0.505079
0.505035
0.5051
0.505124
0.505137
0.505181
0.505235
0.505243
0.505089
0.505088
0.505121
0.50503
0.505003
0.505021
0.505104
0.504972
0.50486
0.504963
0.505076
0.505109
0.505172
0.50518
0.505118
0.505171
0.505139
0.505168
0.505112
0.50501
0.505063
0.504993
0.505005
0.505003
0.505002
0.504839
0.504749
0.504771
0.504713
0.504755
0.504871
0.504849
0.504829
0.504715
0.504737
0.504751
0.504682
0.504795
0.504818
0.504856
0.504883
0.504867
0.50488
0.504912
0.504931
0.50493
0.504919
0.504917
0.504863
0.50489
0.504908
0.504802
0.504909
0.504813
0.504872
0.504876
0.504893
0.504698
0.504602
0.504675
0.504711
0.504668
0.504648
0.50474
0.504776
0.504764
0.504707
0.504711
0.504705
0.504755
0.504698
0.504636
0.504603
0.504638
0.504647
0.504637
0.504603
0.504699
0.50467
0.504747
0.504755
0.504726
0.504707
0.504783
0.504809
0.504835
0.504856
0.504877
0.504812
0.504869
0.504863
0.504784
0.504801
0.504858
0.504844
0.504882
0.504926
0.504894
0.504954
0.504975
0.504911
0.504923
0.5049
0.504907
0.504919
0.50482
0.504854
0.50488
0.504873
0.50486
0.504889
0.50487
0.50486
0.50492
0.504944
0.504925
0.50495
0.504966
0.504895
0.50484
0.504796
0.504812
0.50481
0.504826
0.504943
0.504963
0.50503
0.505058
0.505057
0.505146
0.50523
0.505207
0.505287
0.505383
0.505372
0.505371
0.505402
0.505383
0.505416
0.505435
0.505321
0.505294
0.505316
0.505329
0.505347
0.505324
0.505313
0.505282
0.505314
0.505333
0.505248
0.505317
0.505365
0.505355
0.505436
0.50548
0.505487
0.505404
0.505518
0.505519
0.505422
0.505408
0.505468
0.505528
0.505632
0.505638
0.505635
0.505682
0.50568
0.505624
0.505683
0.505644
0.505664
0.50569
0.505705
0.505711
0.505696
0.505762
0.505805
0.505851
0.505849
0.505846
0.505884
0.505886
0.505843
0.505844
0.505853
0.505787
0.505849
0.505919
0.505916
0.505905
0.505894
0.505932
0.505966
0.505975
0.505969
0.506046
0.506114
0.506079
0.506083
0.506073
0.506106
0.506134
0.506104
0.506118
0.506159
0.506144
0.506125
0.506085
0.506146
0.506179
0.506161
0.506244
0.506324
0.506356
0.506404
0.506346
0.506394
0.506392
0.506431
0.506432
0.506437
0.506473
0.50656
0.506534
0.506527
0.506507
0.506458
0.506414
0.50635
0.506283
0.506292
0.506282
0.50637
0.506359
0.506391
0.506392
0.506302
0.506277
0.506243
0.506279
0.506342
0.506335
0.506359
0.506288
0.506324
0.506352
0.506345
0.506346
0.506347
0.506321
0.506326
0.506365
0.506268
0.506171
0.506135
0.506095
0.506081
0.506139
0.506144
0.506142
0.506195
0.50624
0.506234
0.506195
0.506219
0.506246
0.506248
0.50629
0.506328
0.506362
0.506385
0.506383
0.506372
0.50641
0.506381
0.506335
0.506241
0.506245
0.506243
0.506346
0.506335
0.506427
0.506446
