0.820046
0.824916
0.831595
0.83278
0.826991
0.833028
0.830123
0.831858
0.829484
0.827881
0.813213
0.801277
0.791876
0.783999
0.777632
0.770742
0.764134
0.760914
0.755678
0.752154
0.744582
0.738553
0.72987
0.723194
0.71645
0.709864
0.705279
0.700452
0.696433
0.692146
0.683644
0.676788
0.670712
0.664502
0.659298
0.652871
0.648154
0.644049
0.63873
0.634379
0.629168
0.623071
0.61741
0.61178
0.607094
0.602494
0.598335
0.594795
0.590636
0.586881
0.582562
0.579005
0.575579
0.572461
0.568407
0.565366
0.561644
0.558554
0.555431
0.55247
0.54963
0.547155
0.544106
0.541546
0.538138
0.535774
0.533052
0.530785
0.528095
0.525835
0.524124
0.522658
0.520896
0.519032
0.517329
0.515594
0.513766
0.512502
0.511081
0.509651
0.508547
0.507652
0.507249
0.506577
0.50585
0.504782
0.503472
0.502383
0.501413
0.500257
0.500315
0.500934
0.50109
0.501805
0.502261
0.502799
0.502657
0.503282
0.503937
0.504018
0.504348
0.504617
0.504732
0.505037
0.504934
0.505096
0.50479
0.5048
0.504876
0.505032
0.505341
0.505782
0.505645
0.505587
0.505922
0.505813
0.506008
0.506255
0.50657
0.506451
0.506204
0.50635
0.506906
0.506771
0.507033
0.507303
0.507341
0.507604
0.507652
0.507668
0.507536
0.507363
0.507343
0.507674
0.507878
0.50811
0.50842
0.508407
0.508545
0.509022
0.509434
0.509731
0.509705
0.509679
0.509684
0.510144
0.510182
0.510419
0.510654
0.510949
0.511274
0.511526
0.511275
0.511373
0.511552
0.511671
0.511924
0.512018
0.511975
0.512104
0.512121
0.512259
0.512456
0.5123
0.512532
0.512809
0.512939
0.512994
0.513177
0.513097
0.513406
0.513378
0.513436
0.513433
0.513407
0.513424
0.513468
0.513762
0.51409
0.514059
0.514153
0.514121
0.514313
0.514323
0.514291
0.514574
0.514779
0.514752
0.514923
0.515207
0.515449
0.515477
0.515445
0.515539
0.515728
0.515949
0.515885
0.516088
0.516427
0.516569
0.516811
0.516903
0.516897
0.516949
0.516959
0.517001
0.517074
0.517199
0.517461
0.517604
0.517666
0.517847
0.518043
0.51829
0.518265
0.518371
0.518243
0.518279
0.518248
0.518249
0.518303
0.518344
0.518523
0.518721
0.518707
0.518963
0.518784
0.519009
0.519284
0.519372
0.51932
0.519428
0.519461
0.519346
0.519494
0.519511
0.51976
0.519876
0.519993
0.519908
0.519923
0.520016
0.520014
0.519899
0.520102
0.520173
0.520255
0.520193
0.52037
0.520531
0.520489
0.520557
0.520739
0.520827
0.520821
0.52085
0.520942
0.520928
0.520931
0.521079
0.521049
0.521037
0.520967
0.521097
0.521242
0.521356
0.521443
0.52142
0.521479
0.52141
0.52151
0.521538
0.521529
0.521527
0.521531
0.521575
0.52154
0.521606
0.521821
0.52186
0.521863
0.521823
0.522045
0.522174
0.522264
0.522263
0.522176
0.522081
0.522189
0.522334
0.522511
0.522306
0.522286
0.522206
0.52228
0.522224
0.522199
0.522148
0.522129
0.522016
0.521949
0.521951
0.521867
0.52187
0.52192
0.521915
0.521947
0.521968
0.522039
0.522122
0.522066
0.521939
0.521864
0.52212
0.522112
0.522008
0.522046
0.522041
0.522015
0.522061
0.522057
0.522053
0.521882
0.521913
0.521925
0.522089
0.522091
0.522228
0.522092
0.522021
0.522052
0.522092
0.522024
0.522116
0.522288
0.522253
0.522349
0.522401
0.522466
0.52243
0.522369
0.522456
0.522464
0.522465
0.522493
0.522469
0.522516
0.522627
0.522634
0.522595
0.522661
0.522676
0.522678
0.522761
0.522712
0.522685
0.522628
0.522506
0.52253
0.522496
0.522584
0.522521
0.52263
0.522604
0.522629
0.522627
0.522565
0.522418
0.522319
0.522365
0.522378
0.522412
0.522559
0.522513
0.522618
0.522485
0.522552
0.522549
0.522529
0.522475
0.522546
0.522438
0.522346
0.522284
0.522362
0.522406
0.522507
0.522431
0.522506
0.522518
0.522544
0.522657
0.522638
0.522634
0.522676
0.522673
0.522774
0.522788
0.522764
0.522586
0.522567
0.522466
0.522499
0.522483
0.522561
0.522548
0.52257
0.522543
0.522557
0.522483
0.522422
0.522433
0.522471
0.522468
0.522355
0.522404
0.522331
0.522408
0.522455
0.522419
0.522359
0.522368
0.52236
0.522349
0.522346
0.522319
0.522247
0.522226
0.522321
0.522255
0.522405
0.522494
0.522512
0.522589
0.522589
0.522629
0.522617
0.522551
0.52256
0.522551
0.522561
0.522659
0.5226
0.522626
0.522582
0.522534
0.522551
0.522474
0.522484
0.522406
0.522369
0.522483
0.522477
0.522535
0.522548
0.52251
0.52247
0.522508
0.522572
0.522614
0.522588
0.522609
0.522571
0.52258
0.522568
0.522551
0.522492
0.522401
0.522386
0.522413
0.522287
0.522202
0.522279
0.522231
0.522264
0.522221
0.522247
0.52222
0.522316
0.522275
0.522269
0.522328
0.522327
0.522375
0.522296
0.522327
0.522343
0.522379
0.522361
0.522327
0.522243
0.522188
0.522189
0.522225
0.522254
0.522295
0.522347
0.522314
0.522351
0.522297
0.522288
0.522319
0.522358
0.522377
0.522445
0.522422
0.522386
0.522426
0.522394
0.522388
0.522357
0.522365
0.522439
0.522407
0.522435
0.522371
0.522391
0.522348
0.522315
0.522328
0.522326
0.52232
0.52228
0.522242
0.522253
0.522209
0.522151
0.522188
0.522187
0.522188
0.522232
0.522172
0.522229
0.522171
0.522171
0.522166
0.522268
0.522223
0.522198
0.522216
0.522237
0.522186
0.522162
0.522216
0.52221
0.522249
0.522274
0.522278
0.522277
0.522303
0.522253
0.52228
0.52237
0.522375
0.522391
0.522483
0.522509
0.522558
0.522602
0.522573
0.522516
0.52259
0.522597
0.522543
0.522497
0.522522
0.52258
0.522521
0.522488
0.522429
0.522479
0.522515
0.52244
0.522522
0.522539
0.522564
0.522589
0.522594
0.522621
0.522632
0.522628
0.522694
0.522716
0.522754
0.522785
0.522799
0.522866
0.52287
0.522905
0.522922
0.522915
0.52292
0.5229
0.522943
0.522902
0.52289
0.522896
0.522892
0.522933
0.522871
0.522881
0.522951
0.522927
0.522931
0.522906
0.522811
0.522823
0.522844
0.522758
0.522745
0.522681
0.522645
0.522604
0.522646
0.522592
0.522648
0.522691
0.522673
0.522693
0.52269
0.522672
0.52269
0.522652
0.522651
0.522622
0.522667
0.522694
0.52273
0.522802
0.522837
0.522898
0.522959
0.522975
0.522936
0.522938
0.522949
0.522919
0.522943
0.522921
0.52298
0.522976
0.522956
0.523018
0.523061
0.523053
0.523068
0.523128
0.523099
0.523069
0.523133
0.523179
0.523189
0.523336
0.52337
0.523366
0.523364
0.523409
0.52343
0.523506
0.523541
0.523549
0.523534
0.523574
0.523596
0.523571
0.523601
0.523608
0.523575
0.523574
0.523628
0.523631
0.523584
0.523617
0.523606
0.523648
0.523634
0.52367
0.523621
0.523585
0.523674
0.523675
0.523698
0.523633
0.523571
0.523601
0.523606
0.523664
0.523633
0.523616
0.523622
0.523578
0.523525
0.52353
0.523509
0.523536
0.523492
0.523501
0.523512
0.523538
0.523586
0.523562
0.523552
0.523586
0.523576
0.523609
0.52357
0.523522
0.523541
0.523559
0.523599
0.523593
0.523653
0.523623
0.523632
0.523674
0.523699
0.523726
0.523732
0.523741
0.523783
0.523782
0.523811
0.523759
0.523752
0.523725
0.52365
0.523688
0.523726
0.523688
0.523656
0.523628
0.523668
0.523712
0.52377
0.523815
0.523886
0.523897
0.523903
0.523884
0.523835
0.523838
0.523888
0.523894
0.523903
0.523891
0.523931
0.523922
0.523961
0.523927
0.523893
0.52388
0.523869
0.52387
0.523885
0.523881
0.523877
0.523864
0.523845
0.52381
0.523826
0.523826
0.523855
0.523903
0.523952
0.523898
0.523886
0.523943
0.523959
0.524028
0.524014
0.524004
0.523979
0.524031
0.523985
0.523963
0.524013
0.524043
0.524071
0.524057
0.524056
0.524102
0.524075
0.524034
0.524059
0.524038
0.524086
0.524075
0.524085
0.524072
0.524131
0.524174
0.52421
0.524185
0.524186
0.524207
0.524175
0.524216
0.524237
0.524309
0.52433
0.524363
0.524373
0.52437
0.524419
0.524464
0.524507
0.524548
0.524476
0.524476
0.524418
0.524383
0.524399
0.524421
0.524414
0.524418
0.524398
0.52444
0.524424
0.524421
0.524415
0.524421
0.524432
0.524433
0.524433
0.524424
0.524459
0.524445
0.52446
0.52446
0.524501
0.524588
0.524571
0.524584
0.524553
0.524567
0.524596
0.524618
0.524629
0.52461
0.524568
0.524579
0.524638
0.524657
0.524639
0.524646
0.524677
0.524659
0.52472
0.524698
0.524676
0.524624
0.524624
0.524626
0.52458
0.524585
0.52458
0.524551
0.524526
0.524502
0.524502
0.524509
0.524539
0.524557
0.524547
0.524524
0.524554
0.524555
0.524575
0.524632
0.524627
0.524617
0.524592
0.52458
0.524615
0.524601
0.524574
0.524578
0.524548
0.52454
0.524564
0.524582
0.524589
0.524542
0.524565
0.524607
0.524602
0.524533
0.524519
0.524527
0.524524
0.524527
0.52453
0.524516
0.524546
0.524539
0.52453
0.524535
0.524546
0.524586
0.524566
0.524538
0.524543
0.5245
0.524519
0.524491
0.524455
0.524516
0.524515
0.524521
0.524511
0.524527
0.524535
0.524502
0.524498
0.52453
0.524533
0.524588
0.524572
0.524562
0.524553
0.524541
0.524611
0.524594
0.524564
0.524519
0.524546
0.524546
0.524544
0.524578
0.524609
0.524611
0.524591
0.524624
0.524643
0.52463
0.524616
0.524659
0.524595
0.52465
0.524589
0.524547
0.524546
0.524529
0.524567
0.524532
0.524512
0.524486
0.524477
0.52449
0.524485
0.524533
0.524508
0.52446
0.524441
0.524431
0.524427
0.524435
0.524397
0.524455
0.524491
0.524531
0.524576
0.524578
0.52457
0.524592
0.524598
0.524576
0.524579
0.524578
0.524605
0.524615
0.524645
0.52465
0.524628
0.524646
0.524642
0.524601
0.524584
0.524609
0.52461
0.524585
0.52457
0.524553
0.524531
0.524538
0.524498
0.524499
0.524505
0.524525
0.524503
