0
0.528571
0.593939
0.591093
0.612613
0.614286
0.622309
0.640264
0.65123
0.658945
0.652225
0.64877
0.650641
0.6476
0.653846
0.648445
0.644222
0.64752
0.643813
0.646215
0.643405
0.644181
0.64486
0.642061
0.640457
0.642112
0.640556
0.642901
0.643116
0.644366
0.644903
0.64234
0.644967
0.640943
0.63931
0.638178
0.640161
0.642121
0.642308
0.642824
0.642461
0.641407
0.639171
0.638757
0.635823
0.634711
0.632752
0.634156
0.631272
0.630734
0.631163
0.63232
0.63451
0.63542
0.636909
0.637877
0.636271
0.635846
0.633278
0.632161
0.630581
0.630711
0.62963
0.630595
0.632104
0.633214
0.630416
0.631212
0.631851
0.628434
0.628852
0.629344
0.630227
0.630218
0.629225
0.628871
0.627558
0.62721
0.627795
0.629146
0.628876
0.62923
0.630177
0.631642
0.630147
0.630975
0.631603
0.630291
0.631055
0.631319
0.632
0.632563
0.63268
0.632974
0.632387
0.632826
0.632359
0.632003
0.631697
0.632463
0.632297
0.632207
0.632399
0.632373
0.632324
0.633205
0.633859
0.633164
0.632729
0.633278
0.633156
0.632441
0.632321
0.632945
0.632552
0.632016
0.631209
0.62981
0.628946
0.629515
0.627694
0.62717
0.627572
0.626804
0.626812
0.627288
0.627779
0.628106
0.6273
0.627226
0.627113
0.627491
0.628259
0.627889
0.627714
0.627673
0.627258
0.626428
0.626812
0.627302
0.626844
0.62725
0.627126
0.627236
0.627058
0.627434
0.627526
0.627914
0.628209
0.62821
0.628654
0.62827
0.627499
0.627599
0.627298
0.627671
0.627058
0.626929
0.627176
0.627019
0.627119
0.627191
0.627529
0.627463
0.627419
0.627688
0.628247
0.628199
0.628317
0.628487
0.628222
0.627842
0.62803
0.628897
0.62925
0.629586
0.629595
0.629625
0.629673
0.629922
0.629775
0.629761
0.629748
0.62989
0.630511
0.630108
0.629907
0.629564
0.629236
0.62992
0.630471
0.630653
0.630503
0.630451
0.629976
0.629769
0.6303
0.62981
0.62977
0.629723
0.629034
0.628565
0.628512
0.628857
0.628845
0.628762
0.628281
0.62814
0.628073
0.627832
0.628323
0.628495
0.628121
0.627886
0.627932
0.627482
0.627531
0.627145
0.62746
0.627786
0.627629
0.627737
0.627395
0.627692
0.627715
0.627657
0.627422
0.627222
0.62689
0.626789
0.626313
0.626695
0.626371
0.626365
0.62591
0.626007
0.62589
0.625865
0.625949
0.62566
0.626237
0.625928
0.625979
0.626213
0.626187
0.626021
0.625942
0.625916
0.62639
0.626491
0.626779
0.626856
0.627079
0.62703
0.626909
0.626674
0.626401
0.626437
0.626534
0.626192
0.626697
0.626416
0.626512
0.626928
0.626691
0.626445
0.626092
0.625939
0.626054
0.626169
0.62589
0.625926
0.626138
0.626222
0.626227
0.626223
0.626114
0.626531
0.62644
0.626168
0.626289
0.626256
0.626336
0.626237
0.626727
0.626869
0.626437
0.626358
0.626353
0.626458
0.6266
0.626769
0.626771
0.62691
0.626922
0.626753
0.6269
0.626902
0.626807
0.62674
0.627019
0.627252
0.62728
0.627474
0.627712
0.627931
0.62786
0.62772
0.627618
0.627591
0.627575
0.627592
0.628018
0.627915
0.628085
0.627651
0.627476
0.627595
0.627821
0.627787
0.627387
0.628003
0.627961
0.628187
0.628046
0.628177
0.627644
0.627539
0.627442
0.627338
0.627742
0.627832
0.627526
0.627639
0.627462
0.627417
0.627411
0.627641
0.627831
0.627987
0.62813
0.628277
0.628338
0.628092
0.628109
0.628271
0.628099
0.627883
0.628028
0.627807
0.627558
0.627809
0.627841
0.627727
0.627788
0.627697
0.627876
0.628313
0.628565
0.628399
0.628242
0.628238
0.628229
0.628544
0.628682
0.62892
0.629054
0.628883
0.628696
0.628614
0.628611
0.628552
0.628463
0.628514
0.628627
0.628319
0.628118
0.628117
0.628178
0.627995
0.628003
0.628099
0.628259
0.628293
0.628256
0.628179
0.628443
0.628253
0.628279
0.628457
0.628542
0.628542
0.628396
0.628163
0.628069
0.62825
0.628448
0.628473
0.628444
0.628575
0.628781
0.62874
0.628716
0.628909
0.628919
0.628531
0.628713
0.628553
0.628474
0.62849
0.628214
0.62793
0.628041
0.62819
0.627819
0.627807
0.627917
0.628173
0.628062
0.627768
0.627974
0.627935
0.627752
0.62779
0.627618
0.627341
0.627354
0.627198
0.627344
0.627244
0.627302
0.627459
0.627884
0.627976
0.628136
0.628196
0.628234
0.627985
0.627922
0.627849
0.628088
0.627917
0.628003
0.627736
0.627519
0.627271
0.627394
0.627491
0.627647
0.62778
0.627768
0.627779
0.628102
0.62806
0.628184
0.628242
0.62817
0.628329
0.62834
0.628403
0.62822
0.627891
0.627923
0.627947
0.627778
0.627675
0.627813
0.627803
0.627941
0.627676
0.627683
0.62769
0.627995
0.628155
0.628062
0.628022
0.627913
0.627958
0.627907
0.627759
0.627534
0.627538
0.62741
0.627349
0.627444
0.627562
0.627585
0.627635
0.627664
0.627735
0.627674
0.627657
0.627547
0.62752
0.6274
0.627429
0.627429
0.62737
0.627256
0.627257
0.627068
0.626988
0.626861
0.626803
0.626859
0.626892
0.626855
0.626963
0.626816
0.626574
0.626713
0.626668
0.626576
0.626373
0.626465
0.626415
0.62646
0.626462
0.626157
0.6263
0.626433
0.626425
0.626535
0.626476
0.626663
0.626614
0.62676
0.626613
0.626788
0.626801
0.626685
0.626845
0.626933
0.626964
0.626617
0.626875
0.626933
0.627075
0.627157
0.627098
0.626928
0.6268
0.626986
0.627206
0.627316
0.627356
0.627278
0.627245
0.627344
0.627439
0.627306
0.627557
0.62745
0.627499
0.627539
0.627666
0.627884
0.627778
0.627532
0.627407
0.627476
0.627398
0.627403
0.627399
0.627338
0.627305
0.627301
0.62723
0.627326
0.627336
0.627674
0.627683
0.627807
0.6275
0.627463
0.627445
0.627422
0.627569
0.627592
0.627629
0.627536
0.627648
0.627439
0.627661
0.627443
0.627449
0.627404
0.627386
0.627497
0.627442
0.62743
0.627375
0.627407
0.627412
0.62739
0.627095
0.627019
0.626984
0.62704
0.627257
0.627099
0.627095
0.626993
0.626931
0.627102
0.627116
0.627109
0.627124
0.62733
0.627318
0.627336
0.627186
0.626971
0.627043
0.626925
0.626997
0.627029
0.627023
0.627165
0.627222
0.62735
0.627324
0.627394
0.627715
0.627771
0.62771
0.627795
0.627714
0.627627
0.627533
0.627495
0.627204
0.627239
0.627317
0.627459
0.627407
0.62737
0.627442
0.62751
0.627464
0.627503
0.6276
0.627596
0.627415
0.627642
0.627697
0.627684
0.627702
0.627989
0.627896
0.627876
0.627776
0.627665
0.627491
0.627429
0.627437
0.627595
0.627826
0.628
0.62787
0.627874
0.628004
0.628102
0.628114
0.628032
0.628056
0.62789
0.627857
0.627855
0.628086
0.628094
0.628088
0.628034
0.627961
0.627993
0.627953
0.628061
0.628156
0.627995
0.627891
0.627885
0.627853
0.627929
0.628051
0.62805
0.628137
0.628096
0.627961
0.62811
0.627979
0.627822
0.627908
0.627962
0.627997
0.628087
0.628136
0.62814
0.628007
0.628049
0.627963
0.627855
0.627766
0.627723
0.627888
0.627991
0.628198
0.628085
0.628084
0.628088
0.628202
0.628042
0.627954
0.628071
0.628062
0.628056
0.628017
0.627851
0.627852
0.627825
0.627803
0.627904
0.62802
0.628163
0.628315
0.628321
0.62832
0.628579
0.628448
0.62847
0.628497
0.628498
0.628415
0.628403
0.62845
0.628446
0.628599
0.628591
0.628608
0.628764
0.628975
0.628801
0.628975
0.629053
0.628986
0.628979
0.628913
0.628999
0.62903
0.629268
0.629256
0.629095
0.629112
0.628984
0.628883
0.628752
0.628793
0.628648
0.628461
0.628439
0.628459
0.628519
0.628563
0.628438
0.628413
0.628529
0.628578
0.628567
0.62857
0.628654
0.628623
0.628612
0.628446
0.628431
0.628381
0.628359
0.628296
0.62824
0.628208
0.628222
0.628252
0.628223
0.628228
0.628214
0.628107
0.628092
0.628161
0.628191
0.628226
0.628126
0.628259
0.628371
0.628343
0.628373
0.628378
0.628378
0.628333
0.628384
0.628428
0.628336
0.628357
0.628394
0.628475
0.628623
0.628561
0.628568
0.628662
0.628555
0.628578
0.628571
0.628572
0.628537
0.628362
0.628335
0.628294
0.62835
0.628455
0.628551
0.628493
0.628433
0.628434
0.628332
0.628392
0.628358
0.62838
0.628346
0.628319
0.628232
0.628296
0.62826
0.628276
0.62819
0.628291
0.628323
0.628452
0.628591
0.628733
0.628703
0.628637
0.628554
0.628586
0.628553
0.628646
0.628663
0.628653
0.628838
0.628797
0.628815
0.628813
0.628793
0.628665
0.628569
0.628552
0.628294
0.628189
0.628164
0.628289
0.628393
0.62835
0.628393
0.628345
0.628341
0.628435
0.628551
0.62856
0.628714
0.628606
0.628583
0.628547
0.628468
0.628383
0.628389
0.628372
0.628241
0.628244
0.628172
0.628087
0.628238
0.628383
0.628395
0.628379
0.628452
0.628383
0.628395
0.628526
0.628667
0.628684
0.628701
0.628667
0.628712
0.628778
0.628849
0.628808
0.628728
0.628657
0.628733
0.628647
0.628709
0.628673
0.628633
0.628598
0.628609
0.62859
0.628544
0.62863
0.628653
0.628622
0.6286
0.628536
0.628578
0.628596
0.628545
0.628436
0.628361
0.628308
0.628317
0.628206
0.628239
0.628389
0.628443
0.628537
0.628633
0.628723
0.628745
0.628729
0.628696
0.6286
0.628541
0.628464
0.628455
0.628314
0.628254
0.628245
0.62831
0.62835
0.628189
0.628162
0.628236
0.628262
0.628286
0.628244
0.628176
0.628177
0.628211
0.628179
0.628081
0.62804
0.628065
0.628036
0.628013
0.628041
0.628043
0.628092
0.628101
0.628023
0.627955
0.627972
0.62797
0.627958
0.627927
0.627976
0.62793
0.628014
0.627972
0.627918
0.627948
0.628109
0.628116
0.627915
0.627822
0.627816
0.627765
0.627745
0.627788
0.627796
0.627751
0.627715
0.627807
0.627871
0.627812
0.627737
0.627804
0.627751
0.627725
0.627676
0.627726
0.62769
0.62769
0.627841
0.627756
0.627715
0.627679
0.627577
0.627706
0.627676
0.62769
0.627599
0.627596
0.627727
0.627664
0.627814
0.627822
