0
0.475676
0.457971
0.460606
0.456621
0.447853
0.435583
0.435852
0.437121
0.439435
0.440893
0.443878
0.443726
0.444216
0.442864
0.448471
0.444042
0.445752
0.444956
0.446851
0.446767
0.447112
0.447913
0.446013
0.445213
0.447421
0.447635
0.446525
0.446979
0.443746
0.443443
0.442995
0.442271
0.442023
0.44354
0.44213
0.442317
0.443733
0.443026
0.443394
0.444367
0.444369
0.442746
0.442879
0.443524
0.44456
0.444263
0.445068
0.444269
0.442721
0.441798
0.4416
0.441976
0.441437
0.442966
0.443436
0.442842
0.441554
0.440819
0.441639
0.441646
0.440929
0.441868
0.441695
0.441127
0.441801
0.441784
0.440593
0.439959
0.440705
0.441114
0.440922
0.440986
0.441269
0.44073
0.440265
0.440565
0.440352
0.440466
0.440491
0.44013
0.440347
0.439657
0.439163
0.439439
0.439967
0.44039
0.440306
0.43942
0.440287
0.440235
0.439639
0.438901
0.438495
0.438598
0.437907
0.43822
0.438069
0.438589
0.438826
0.438602
0.438781
0.439524
0.439976
0.440369
0.439996
0.440856
0.440225
0.440617
0.440522
0.439695
0.440063
0.43989
0.43915
0.439552
0.439819
0.439936
0.439853
0.440437
0.440031
0.44029
0.440813
0.441169
0.441074
0.440573
0.440821
0.440701
0.441046
0.44081
0.440925
0.440437
0.440229
0.440468
0.440183
0.439609
0.439282
0.439108
0.439177
0.438984
0.438798
0.438794
0.439075
0.439633
0.439461
0.439151
0.439056
0.43869
0.439269
0.438864
0.439125
0.439316
0.438738
0.438577
0.438893
0.438843
0.438373
0.438301
0.437786
0.438102
0.437967
0.438135
0.438192
0.437995
0.437968
0.437811
0.437686
0.43811
0.43793
0.43764
0.437813
0.4374
0.437221
0.436914
0.437095
0.437466
0.437938
0.437824
0.438152
0.43789
0.438302
0.437992
0.437707
0.438117
0.438415
0.4385
0.438541
0.438579
0.438422
0.438434
0.438151
0.438338
0.438651
0.438951
0.439011
0.438556
0.438912
0.439212
0.438826
0.438446
0.438877
0.439147
0.438986
0.439073
0.439411
0.439492
0.439138
0.439033
0.439539
0.439536
0.439628
0.439627
0.439834
0.439414
0.439435
0.439398
0.439819
0.43975
0.440146
0.439499
0.439599
0.439701
0.439792
0.439943
0.440205
0.440013
0.439876
0.439471
0.439479
0.439652
0.439321
0.439067
0.439061
0.438983
0.439113
0.439076
0.438965
0.439267
0.439631
0.43936
0.439273
0.439549
0.439428
0.439465
0.439399
0.439343
0.438822
0.438516
0.438875
0.438659
0.438822
0.438752
0.438816
0.438845
0.439032
0.438785
0.439118
0.438944
0.438888
0.439174
0.439175
0.439435
0.439395
0.439489
0.439819
0.439766
0.440178
0.440513
0.440661
0.440597
0.44072
0.440434
0.440463
0.440798
0.440863
0.440879
0.440966
0.441075
0.441288
0.441253
0.441193
0.441238
0.441066
0.441111
0.441312
0.441464
0.441288
0.441102
0.441279
0.441532
0.441653
0.441772
0.441399
0.441374
0.441644
0.441569
0.441718
0.441835
0.441916
0.441773
0.442083
0.442193
0.442204
0.441972
0.441885
0.441706
0.441524
0.441601
0.441441
0.441473
0.441506
0.441519
0.441353
0.441314
0.441489
0.441393
0.441341
0.441459
0.441212
0.441315
0.441401
0.441521
0.441186
0.44128
0.441122
0.441139
0.441265
0.441352
0.44139
0.44134
0.441417
0.441351
0.44132
0.441464
0.441636
0.441712
0.441635
0.441583
0.441715
0.441681
0.441594
0.44162
0.441376
0.441276
0.441386
0.441617
0.441526
0.44153
0.441494
0.441554
0.441744
0.441779
0.441919
0.441826
0.441885
0.441818
0.441462
0.441446
0.441722
0.441592
0.441316
0.441207
0.44148
0.441409
0.441167
0.441095
0.441092
0.441111
0.441074
0.441068
0.441094
0.441032
0.44086
0.440717
0.440749
0.440926
0.440868
0.440867
0.440749
0.440666
0.44067
0.440665
0.440642
0.440621
0.440504
0.440464
0.44041
0.440489
0.440504
0.440557
0.440663
0.440688
0.440705
0.440714
0.440726
0.440646
0.440774
0.440649
0.440656
0.440689
0.440886
0.441056
0.441018
0.441004
0.44113
0.440993
0.44088
0.441031
0.44136
0.441481
0.441414
0.441327
0.441434
0.441613
0.441535
0.44136
0.441324
0.441207
0.441263
0.441464
0.441245
0.441252
0.441179
0.44112
0.441216
0.441173
0.441169
0.4411
0.441136
0.441232
0.441175
0.441135
0.441036
0.441075
0.441123
0.441111
0.441158
0.441053
0.44108
0.441153
0.441028
0.441019
0.441245
0.441227
0.441149
0.441315
0.441403
0.441696
0.441568
0.44169
0.441839
0.441874
0.441877
0.441906
0.442061
0.441957
0.441927
0.441733
0.441828
0.441666
0.441595
0.441783
0.441953
0.441875
0.441927
0.441896
0.441884
0.441993
0.442034
0.441949
0.442025
0.441968
0.441936
0.441923
0.442113
0.442049
0.442021
0.441958
0.441943
0.442133
0.442135
0.442004
0.442213
0.442027
0.442042
0.442104
0.442201
0.442152
0.442109
0.442167
0.442302
0.442327
0.442026
0.442135
0.442191
0.442215
0.442226
0.442053
0.442188
0.442376
0.442269
0.442091
0.442005
0.442174
0.442342
0.442231
0.442177
0.442151
0.442207
0.442342
0.442332
0.442584
0.442573
0.442598
0.442505
0.442502
0.442492
0.442549
0.442558
0.442568
0.442583
0.442656
0.442511
0.442598
0.442746
0.44265
0.442491
0.442582
0.442696
0.442678
0.442593
0.44256
0.442382
0.442429
0.442391
0.442334
0.442311
0.442272
0.442395
0.442468
0.442346
0.442205
0.442242
0.44228
0.442224
0.442064
0.442032
0.442029
0.441915
0.441862
0.441894
0.441926
0.44178
0.441798
0.441897
0.441939
0.441954
0.442012
0.441901
0.441925
0.441963
0.441899
0.441693
0.441567
0.441536
0.441507
0.441403
0.441511
0.441533
0.441521
0.441559
0.441672
0.441644
0.441764
0.441696
0.441634
0.441769
0.441769
0.441739
0.441788
0.44184
0.441807
0.441812
0.441987
0.441911
0.44187
0.4418
0.441824
0.441787
0.441657
0.441822
0.441669
0.441666
0.441636
0.441592
0.441679
0.441809
0.441808
0.441844
0.441858
0.441872
0.441969
0.442023
0.441848
0.441937
0.441939
0.442059
0.441918
0.441899
0.441956
0.44199
0.442006
0.44194
0.441847
0.441797
0.441866
0.441888
0.441984
0.442024
0.441987
0.442098
0.442209
0.442198
0.44217
0.44204
0.441947
0.44191
0.441886
0.441815
0.441909
0.441978
0.442043
0.442016
0.441937
0.441824
0.441917
0.441911
0.441894
0.441847
0.44181
0.441782
0.441722
0.441743
0.441792
0.441697
0.441781
0.441832
0.441892
0.441887
0.441932
0.442018
0.442177
0.442167
0.442218
0.442171
0.442222
0.442199
0.442163
0.44213
0.442028
0.441938
0.441912
0.441838
0.441824
0.441857
0.441981
0.441961
0.442024
0.44187
0.441969
0.441964
0.441935
0.441924
0.441853
0.441851
0.441884
0.441809
0.44174
0.441646
0.441597
0.441621
0.441651
0.441545
0.441638
0.441728
0.441616
0.441625
0.441563
0.441555
0.441538
0.441654
0.441581
0.44159
0.441479
0.441585
0.441672
0.441667
0.441626
0.441677
0.441614
0.441511
0.441541
0.441471
0.441529
0.44161
0.441609
0.441641
0.441659
0.441637
0.441736
0.441716
0.441708
0.441822
0.441706
0.441715
0.441913
0.441959
0.441972
0.442109
0.442157
0.442183
0.442157
0.442136
0.442079
0.442134
0.442116
0.442102
0.442149
0.442234
0.442323
0.442389
0.442402
0.442284
0.44216
0.442356
0.442277
0.44218
0.442147
0.442175
0.442194
0.442151
0.442048
0.441987
0.441942
0.441897
0.441984
0.441996
0.442025
0.44205
0.442243
0.442159
0.442218
0.442247
0.442305
0.442367
0.442345
0.442228
0.442277
0.442264
0.442356
0.442462
0.442417
0.442381
0.442371
0.442342
0.442323
0.442277
0.442222
0.442191
0.442292
0.442258
0.442371
0.442379
0.442488
0.442381
0.442448
0.442424
0.442402
0.442368
0.442521
0.442508
0.442591
0.442518
0.442537
0.442533
0.442523
0.442644
0.442621
0.442688
0.442689
0.442724
0.442639
0.442686
0.442698
0.44261
0.442601
0.442647
0.442799
0.442826
0.442796
0.442778
0.442764
0.44268
0.442732
0.4428
0.442818
0.442778
0.442676
0.442533
0.442471
0.442419
0.442527
0.442591
0.442535
0.442489
0.442512
0.442557
0.442556
0.442539
0.442568
0.44253
0.442558
0.442495
0.442631
0.442589
0.442536
0.442481
0.442473
0.442451
0.442424
0.442473
0.44252
0.44251
0.442453
0.442428
0.442424
0.44243
0.442304
0.44241
0.442382
0.442389
0.44238
0.442345
0.442307
0.442288
0.442194
0.442191
0.442178
0.442168
0.442154
0.442123
0.442086
0.442129
0.442158
0.442162
0.442232
0.442281
0.442165
0.442093
0.442112
0.442077
0.442067
0.442034
0.442144
0.4422
0.442221
0.442272
0.442184
0.442115
0.442128
0.442121
0.442232
0.442257
0.442337
0.442431
0.442452
0.442413
0.442441
0.442457
0.442607
0.442542
0.442519
0.442633
0.44259
0.442628
0.442605
0.442588
0.442728
0.442691
0.442715
0.442687
0.44268
0.442771
0.44272
0.442751
0.442903
0.442861
0.442976
0.442939
0.442993
0.443027
0.443014
0.443046
0.443148
0.443125
0.443146
0.443152
0.443144
0.443151
0.443195
0.443179
0.443181
0.443173
0.443212
0.443208
0.443199
0.443173
0.443157
0.443099
0.443105
0.443083
0.443172
0.443121
0.443149
0.443184
0.443157
0.443093
0.44312
0.443217
0.443216
0.443242
0.443268
0.443325
0.443391
0.443473
0.443538
0.44346
0.443513
0.443505
0.443404
0.443417
0.443432
0.443366
0.443258
0.443235
0.443312
0.443251
0.443279
0.44326
0.443249
0.443265
0.443321
0.44328
0.443358
0.443402
0.44343
0.44346
0.443431
0.443438
0.443502
0.443585
0.443533
0.443583
0.443583
0.443692
0.443648
0.443616
0.443581
0.443575
0.443506
0.443504
0.443445
0.443325
0.443436
0.443479
0.443473
0.443471
0.443464
0.443491
0.443511
0.443573
0.443516
0.443627
0.443651
0.443597
0.443575
0.443483
0.443554
0.443549
0.443551
0.443613
0.443643
0.443591
0.443519
0.443508
0.443402
0.443406
0.443406
0.443391
0.443408
0.44353
0.443538
